id	numberOfActions	numberOfProcesses	numberOfProcedures	numberOfConditionals	minLengthOfProcesses	maxLengthOfProcesses	avgLengthOfProcesses	minNumberOfProceduresInProcesses	maxNumberOfProceduresInProcesses	avgNumberOfProceduresInProcesses	minNumberOfConditionalsInProcesses	maxNumberOfConditionalsInProcesses	avgNumberOfConditionalsInProcesses	numberOfProcessesWithConditionals	minProcedureLengthInProcesses	maxProcedureLengthInProcesses	avgProcedureLengthInProcesses	strategy	time(msec)	nodes	badLoops	mainLength	numOfProcedures	minProcedureLength	maxProcedureLength	avgProcedureLength
C1	51	6	0	0	8	17	12.666666666666666	0	0	0.0	0	0	0.0	0	0	0	0.0	UnmarkedThenRandom	1	51	0	51	0	0	0	0
C2	51	6	0	0	6	15	11.333333333333334	0	0	0.0	0	0	0.0	0	0	0	0.0	UnmarkedThenRandom	1	51	0	51	0	0	0	0
C3	51	6	0	0	10	15	12.5	0	0	0.0	0	0	0.0	0	0	0	0.0	UnmarkedThenRandom	1	51	0	51	0	0	0	0
C4	51	6	0	0	4	16	11.666666666666666	0	0	0.0	0	0	0.0	0	0	0	0.0	UnmarkedThenRandom	1	51	0	51	0	0	0	0
C5	51	6	0	0	11	16	13.166666666666666	0	0	0.0	0	0	0.0	0	0	0	0.0	UnmarkedThenRandom	1	51	0	51	0	0	0	0
C6	51	6	0	0	9	15	12.666666666666666	0	0	0.0	0	0	0.0	0	0	0	0.0	UnmarkedThenRandom	1	51	0	51	0	0	0	0
C7	51	6	0	0	7	18	12.5	0	0	0.0	0	0	0.0	0	0	0	0.0	UnmarkedThenRandom	1	51	0	51	0	0	0	0
C8	51	6	0	0	6	17	13.833333333333334	0	0	0.0	0	0	0.0	0	0	0	0.0	UnmarkedThenRandom	1	51	0	51	0	0	0	0
C9	51	6	0	0	8	18	12.166666666666666	0	0	0.0	0	0	0.0	0	0	0	0.0	UnmarkedThenRandom	1	51	0	51	0	0	0	0
C10	51	6	0	0	10	14	11.833333333333334	0	0	0.0	0	0	0.0	0	0	0	0.0	UnmarkedThenRandom	0	51	0	51	0	0	0	0
C11	101	6	0	0	16	30	24.333333333333332	0	0	0.0	0	0	0.0	0	0	0	0.0	UnmarkedThenRandom	90	501	0	501	0	0	0	0
C12	101	6	0	0	17	28	23.833333333333332	0	0	0.0	0	0	0.0	0	0	0	0.0	UnmarkedThenRandom	83	501	0	501	0	0	0	0
C13	101	6	0	0	20	30	26.0	0	0	0.0	0	0	0.0	0	0	0	0.0	UnmarkedThenRandom	92	501	0	501	0	0	0	0
C14	101	6	0	0	17	32	26.0	0	0	0.0	0	0	0.0	0	0	0	0.0	UnmarkedThenRandom	85	501	0	501	0	0	0	0
C15	101	6	0	0	20	29	24.333333333333332	0	0	0.0	0	0	0.0	0	0	0	0.0	UnmarkedThenRandom	86	501	0	501	0	0	0	0
C16	101	6	0	0	22	30	25.666666666666668	0	0	0.0	0	0	0.0	0	0	0	0.0	UnmarkedThenRandom	84	501	0	501	0	0	0	0
C17	101	6	0	0	14	32	24.5	0	0	0.0	0	0	0.0	0	0	0	0.0	UnmarkedThenRandom	83	501	0	501	0	0	0	0
C18	101	6	0	0	18	33	25.166666666666668	0	0	0.0	0	0	0.0	0	0	0	0.0	UnmarkedThenRandom	85	501	0	501	0	0	0	0
C19	101	6	0	0	20	28	25.666666666666668	0	0	0.0	0	0	0.0	0	0	0	0.0	UnmarkedThenRandom	84	501	0	501	0	0	0	0
C20	101	6	0	0	19	27	24.833333333333332	0	0	0.0	0	0	0.0	0	0	0	0.0	UnmarkedThenRandom	87	501	0	501	0	0	0	0
C21	501	15	0	0	42	68	50.06666666666667	0	0	0.0	0	0	0.0	0	0	0	0.0	UnmarkedThenRandom	85	501	0	501	0	0	0	0
C22	501	15	0	0	29	57	49.333333333333336	0	0	0.0	0	0	0.0	0	0	0	0.0	UnmarkedThenRandom	84	501	0	501	0	0	0	0
C23	501	15	0	0	34	60	50.4	0	0	0.0	0	0	0.0	0	0	0	0.0	UnmarkedThenRandom	84	501	0	501	0	0	0	0
C24	501	15	0	0	32	60	49.13333333333333	0	0	0.0	0	0	0.0	0	0	0	0.0	UnmarkedThenRandom	85	501	0	501	0	0	0	0
C25	501	15	0	0	41	64	49.733333333333334	0	0	0.0	0	0	0.0	0	0	0	0.0	UnmarkedThenRandom	86	501	0	501	0	0	0	0
C26	501	15	0	0	40	64	50.86666666666667	0	0	0.0	0	0	0.0	0	0	0	0.0	UnmarkedThenRandom	86	501	0	501	0	0	0	0
C27	501	15	0	0	33	64	50.4	0	0	0.0	0	0	0.0	0	0	0	0.0	UnmarkedThenRandom	84	501	0	501	0	0	0	0
C28	501	15	0	0	42	58	49.266666666666666	0	0	0.0	0	0	0.0	0	0	0	0.0	UnmarkedThenRandom	85	501	0	501	0	0	0	0
C29	501	15	0	0	36	61	50.733333333333334	0	0	0.0	0	0	0.0	0	0	0	0.0	UnmarkedThenRandom	83	501	0	501	0	0	0	0
C30	501	15	0	0	37	61	48.86666666666667	0	0	0.0	0	0	0.0	0	0	0	0.0	UnmarkedThenRandom	88	501	0	501	0	0	0	0
C31	501	20	0	0	27	49	37.8	0	0	0.0	0	0	0.0	0	0	0	0.0	UnmarkedThenRandom	12	201	0	201	0	0	0	0
C32	501	20	0	0	28	47	37.95	0	0	0.0	0	0	0.0	0	0	0	0.0	UnmarkedThenRandom	11	201	0	201	0	0	0	0
C33	501	20	0	0	21	48	37.15	0	0	0.0	0	0	0.0	0	0	0	0.0	UnmarkedThenRandom	11	201	0	201	0	0	0	0
C34	501	20	0	0	29	50	37.75	0	0	0.0	0	0	0.0	0	0	0	0.0	UnmarkedThenRandom	12	201	0	201	0	0	0	0
C35	501	20	0	0	28	45	37.85	0	0	0.0	0	0	0.0	0	0	0	0.0	UnmarkedThenRandom	12	201	0	201	0	0	0	0
C36	501	20	0	0	26	58	37.35	0	0	0.0	0	0	0.0	0	0	0	0.0	UnmarkedThenRandom	10	201	0	201	0	0	0	0
C37	501	20	0	0	26	45	37.8	0	0	0.0	0	0	0.0	0	0	0	0.0	UnmarkedThenRandom	11	201	0	201	0	0	0	0
C38	501	20	0	0	28	46	37.6	0	0	0.0	0	0	0.0	0	0	0	0.0	UnmarkedThenRandom	12	201	0	201	0	0	0	0
C39	501	20	0	0	28	48	37.6	0	0	0.0	0	0	0.0	0	0	0	0.0	UnmarkedThenRandom	11	201	0	201	0	0	0	0
C40	501	20	0	0	28	55	38.1	0	0	0.0	0	0	0.0	0	0	0	0.0	UnmarkedThenRandom	12	201	0	201	0	0	0	0
C41	251	6	0	0	43	76	61.333333333333336	0	0	0.0	0	0	0.0	0	0	0	0.0	UnmarkedThenRandom	88	501	0	501	0	0	0	0
C42	251	6	0	0	52	71	62.833333333333336	0	0	0.0	0	0	0.0	0	0	0	0.0	UnmarkedThenRandom	90	501	0	501	0	0	0	0
C43	251	6	0	0	52	73	64.0	0	0	0.0	0	0	0.0	0	0	0	0.0	UnmarkedThenRandom	85	501	0	501	0	0	0	0
C44	251	6	0	0	54	71	62.5	0	0	0.0	0	0	0.0	0	0	0	0.0	UnmarkedThenRandom	86	501	0	501	0	0	0	0
C45	251	6	0	0	59	67	63.333333333333336	0	0	0.0	0	0	0.0	0	0	0	0.0	UnmarkedThenRandom	90	501	0	501	0	0	0	0
C46	251	6	0	0	50	74	62.833333333333336	0	0	0.0	0	0	0.0	0	0	0	0.0	UnmarkedThenRandom	90	501	0	501	0	0	0	0
C47	251	6	0	0	54	69	61.166666666666664	0	0	0.0	0	0	0.0	0	0	0	0.0	UnmarkedThenRandom	87	501	0	501	0	0	0	0
C48	251	6	0	0	56	66	61.333333333333336	0	0	0.0	0	0	0.0	0	0	0	0.0	UnmarkedThenRandom	87	501	0	501	0	0	0	0
C49	251	6	0	0	51	80	63.166666666666664	0	0	0.0	0	0	0.0	0	0	0	0.0	UnmarkedThenRandom	87	501	0	501	0	0	0	0
C50	251	6	0	0	50	77	61.666666666666664	0	0	0.0	0	0	0.0	0	0	0	0.0	UnmarkedThenRandom	88	501	0	501	0	0	0	0
C51	301	6	0	0	51	84	73.33333333333333	0	0	0.0	0	0	0.0	0	0	0	0.0	UnmarkedThenRandom	90	501	0	501	0	0	0	0
C52	301	6	0	0	67	85	76.0	0	0	0.0	0	0	0.0	0	0	0	0.0	UnmarkedThenRandom	92	501	0	501	0	0	0	0
C53	301	6	0	0	67	84	74.16666666666667	0	0	0.0	0	0	0.0	0	0	0	0.0	UnmarkedThenRandom	91	501	0	501	0	0	0	0
C54	301	6	0	0	63	91	76.83333333333333	0	0	0.0	0	0	0.0	0	0	0	0.0	UnmarkedThenRandom	91	501	0	501	0	0	0	0
C55	301	6	0	0	63	84	74.33333333333333	0	0	0.0	0	0	0.0	0	0	0	0.0	UnmarkedThenRandom	90	501	0	501	0	0	0	0
C56	301	6	0	0	66	82	74.66666666666667	0	0	0.0	0	0	0.0	0	0	0	0.0	UnmarkedThenRandom	88	501	0	501	0	0	0	0
C57	301	6	0	0	61	85	75.16666666666667	0	0	0.0	0	0	0.0	0	0	0	0.0	UnmarkedThenRandom	93	501	0	501	0	0	0	0
C58	301	6	0	0	68	77	73.0	0	0	0.0	0	0	0.0	0	0	0	0.0	UnmarkedThenRandom	90	501	0	501	0	0	0	0
C59	301	6	0	0	67	94	75.0	0	0	0.0	0	0	0.0	0	0	0	0.0	UnmarkedThenRandom	86	501	0	501	0	0	0	0
C60	301	6	0	0	68	79	73.83333333333333	0	0	0.0	0	0	0.0	0	0	0	0.0	UnmarkedThenRandom	89	501	0	501	0	0	0	0
C61	501	35	0	0	10	36	21.62857142857143	0	0	0.0	0	0	0.0	0	0	0	0.0	UnmarkedThenRandom	40	351	0	351	0	0	0	0
C62	501	35	0	0	14	29	21.37142857142857	0	0	0.0	0	0	0.0	0	0	0	0.0	UnmarkedThenRandom	38	351	0	351	0	0	0	0
C63	501	35	0	0	12	31	21.8	0	0	0.0	0	0	0.0	0	0	0	0.0	UnmarkedThenRandom	40	351	0	351	0	0	0	0
C64	501	35	0	0	10	32	20.914285714285715	0	0	0.0	0	0	0.0	0	0	0	0.0	UnmarkedThenRandom	38	351	0	351	0	0	0	0
C65	501	35	0	0	13	29	21.457142857142856	0	0	0.0	0	0	0.0	0	0	0	0.0	UnmarkedThenRandom	39	351	0	351	0	0	0	0
C66	501	35	0	0	14	32	21.37142857142857	0	0	0.0	0	0	0.0	0	0	0	0.0	UnmarkedThenRandom	38	351	0	351	0	0	0	0
C67	501	35	0	0	15	30	21.457142857142856	0	0	0.0	0	0	0.0	0	0	0	0.0	UnmarkedThenRandom	43	351	0	351	0	0	0	0
C68	501	35	0	0	11	30	21.65714285714286	0	0	0.0	0	0	0.0	0	0	0	0.0	UnmarkedThenRandom	37	351	0	351	0	0	0	0
C69	501	35	0	0	7	30	21.17142857142857	0	0	0.0	0	0	0.0	0	0	0	0.0	UnmarkedThenRandom	43	351	0	351	0	0	0	0
C70	501	35	0	0	11	29	21.514285714285716	0	0	0.0	0	0	0.0	0	0	0	0.0	UnmarkedThenRandom	39	351	0	351	0	0	0	0
C71	501	40	0	0	10	28	18.625	0	0	0.0	0	0	0.0	0	0	0	0.0	UnmarkedThenRandom	50	401	0	401	0	0	0	0
C72	501	40	0	0	10	32	18.9	0	0	0.0	0	0	0.0	0	0	0	0.0	UnmarkedThenRandom	53	401	0	401	0	0	0	0
C73	501	40	0	0	8	30	18.975	0	0	0.0	0	0	0.0	0	0	0	0.0	UnmarkedThenRandom	51	401	0	401	0	0	0	0
C74	501	40	0	0	11	29	18.6	0	0	0.0	0	0	0.0	0	0	0	0.0	UnmarkedThenRandom	55	401	0	401	0	0	0	0
C75	501	40	0	0	11	29	18.95	0	0	0.0	0	0	0.0	0	0	0	0.0	UnmarkedThenRandom	53	401	0	401	0	0	0	0
C76	501	40	0	0	11	28	18.575	0	0	0.0	0	0	0.0	0	0	0	0.0	UnmarkedThenRandom	52	401	0	401	0	0	0	0
C77	501	40	0	0	10	29	18.575	0	0	0.0	0	0	0.0	0	0	0	0.0	UnmarkedThenRandom	51	401	0	401	0	0	0	0
C78	501	40	0	0	10	27	18.75	0	0	0.0	0	0	0.0	0	0	0	0.0	UnmarkedThenRandom	54	401	0	401	0	0	0	0
C79	501	40	0	0	12	29	18.75	0	0	0.0	0	0	0.0	0	0	0	0.0	UnmarkedThenRandom	51	401	0	401	0	0	0	0
C80	501	40	0	0	10	34	18.625	0	0	0.0	0	0	0.0	0	0	0	0.0	UnmarkedThenRandom	55	401	0	401	0	0	0	0
C81	451	6	0	0	103	134	113.16666666666667	0	0	0.0	0	0	0.0	0	0	0	0.0	UnmarkedThenRandom	94	501	0	501	0	0	0	0
C82	451	6	0	0	99	120	113.16666666666667	0	0	0.0	0	0	0.0	0	0	0	0.0	UnmarkedThenRandom	97	501	0	501	0	0	0	0
C83	451	6	0	0	99	127	114.16666666666667	0	0	0.0	0	0	0.0	0	0	0	0.0	UnmarkedThenRandom	90	501	0	501	0	0	0	0
C84	451	6	0	0	99	119	110.5	0	0	0.0	0	0	0.0	0	0	0	0.0	UnmarkedThenRandom	96	501	0	501	0	0	0	0
C85	451	6	0	0	99	125	112.83333333333333	0	0	0.0	0	0	0.0	0	0	0	0.0	UnmarkedThenRandom	93	501	0	501	0	0	0	0
C86	451	6	0	0	99	131	113.0	0	0	0.0	0	0	0.0	0	0	0	0.0	UnmarkedThenRandom	94	501	0	501	0	0	0	0
C87	451	6	0	0	101	123	110.5	0	0	0.0	0	0	0.0	0	0	0	0.0	UnmarkedThenRandom	95	501	0	501	0	0	0	0
C88	451	6	0	0	101	127	114.0	0	0	0.0	0	0	0.0	0	0	0	0.0	UnmarkedThenRandom	93	501	0	501	0	0	0	0
C89	451	6	0	0	94	121	112.0	0	0	0.0	0	0	0.0	0	0	0	0.0	UnmarkedThenRandom	92	501	0	501	0	0	0	0
C90	451	6	0	0	104	133	114.66666666666667	0	0	0.0	0	0	0.0	0	0	0	0.0	UnmarkedThenRandom	97	501	0	501	0	0	0	0
C91	501	6	0	0	117	139	124.5	0	0	0.0	0	0	0.0	0	0	0	0.0	UnmarkedThenRandom	94	501	0	501	0	0	0	0
C92	501	6	0	0	116	135	126.0	0	0	0.0	0	0	0.0	0	0	0	0.0	UnmarkedThenRandom	96	501	0	501	0	0	0	0
C93	501	6	0	0	107	135	126.16666666666667	0	0	0.0	0	0	0.0	0	0	0	0.0	UnmarkedThenRandom	97	501	0	501	0	0	0	0
C94	501	6	0	0	114	133	123.5	0	0	0.0	0	0	0.0	0	0	0	0.0	UnmarkedThenRandom	98	501	0	501	0	0	0	0
C95	501	6	0	0	98	138	123.0	0	0	0.0	0	0	0.0	0	0	0	0.0	UnmarkedThenRandom	102	501	0	501	0	0	0	0
C96	501	6	0	0	117	133	126.16666666666667	0	0	0.0	0	0	0.0	0	0	0	0.0	UnmarkedThenRandom	96	501	0	501	0	0	0	0
C97	501	6	0	0	110	139	124.16666666666667	0	0	0.0	0	0	0.0	0	0	0	0.0	UnmarkedThenRandom	99	501	0	501	0	0	0	0
C98	501	6	0	0	106	132	123.0	0	0	0.0	0	0	0.0	0	0	0	0.0	UnmarkedThenRandom	96	501	0	501	0	0	0	0
C99	501	6	0	0	115	144	126.5	0	0	0.0	0	0	0.0	0	0	0	0.0	UnmarkedThenRandom	95	501	0	501	0	0	0	0
C100	501	6	0	0	114	140	126.5	0	0	0.0	0	0	0.0	0	0	0	0.0	UnmarkedThenRandom	97	501	0	501	0	0	0	0
C101	551	6	0	0	126	160	136.83333333333334	0	0	0.0	0	0	0.0	0	0	0	0.0	UnmarkedThenRandom	101	551	0	551	0	0	0	0
C102	551	6	0	0	123	152	137.0	0	0	0.0	0	0	0.0	0	0	0	0.0	UnmarkedThenRandom	104	551	0	551	0	0	0	0
C103	551	6	0	0	119	149	134.83333333333334	0	0	0.0	0	0	0.0	0	0	0	0.0	UnmarkedThenRandom	105	551	0	551	0	0	0	0
C104	551	6	0	0	123	151	138.0	0	0	0.0	0	0	0.0	0	0	0	0.0	UnmarkedThenRandom	102	551	0	551	0	0	0	0
C105	551	6	0	0	130	152	139.0	0	0	0.0	0	0	0.0	0	0	0	0.0	UnmarkedThenRandom	100	551	0	551	0	0	0	0
C106	551	6	0	0	120	154	135.0	0	0	0.0	0	0	0.0	0	0	0	0.0	UnmarkedThenRandom	103	551	0	551	0	0	0	0
C107	551	6	0	0	127	149	140.0	0	0	0.0	0	0	0.0	0	0	0	0.0	UnmarkedThenRandom	100	551	0	551	0	0	0	0
C108	551	6	0	0	134	150	140.16666666666666	0	0	0.0	0	0	0.0	0	0	0	0.0	UnmarkedThenRandom	98	551	0	551	0	0	0	0
C109	551	6	0	0	128	150	137.83333333333334	0	0	0.0	0	0	0.0	0	0	0	0.0	UnmarkedThenRandom	103	551	0	551	0	0	0	0
C110	551	6	0	0	123	153	139.33333333333334	0	0	0.0	0	0	0.0	0	0	0	0.0	UnmarkedThenRandom	101	551	0	551	0	0	0	0
C111	501	60	0	0	5	21	12.433333333333334	0	0	0.0	0	0	0.0	0	0	0	0.0	UnmarkedThenRandom	102	501	0	501	0	0	0	0
C112	501	60	0	0	5	22	12.666666666666666	0	0	0.0	0	0	0.0	0	0	0	0.0	UnmarkedThenRandom	102	501	0	501	0	0	0	0
C113	501	60	0	0	5	23	12.45	0	0	0.0	0	0	0.0	0	0	0	0.0	UnmarkedThenRandom	102	501	0	501	0	0	0	0
C114	501	60	0	0	6	20	12.233333333333333	0	0	0.0	0	0	0.0	0	0	0	0.0	UnmarkedThenRandom	102	501	0	501	0	0	0	0
C115	501	60	0	0	7	19	12.233333333333333	0	0	0.0	0	0	0.0	0	0	0	0.0	UnmarkedThenRandom	102	501	0	501	0	0	0	0
C116	501	60	0	0	6	25	12.683333333333334	0	0	0.0	0	0	0.0	0	0	0	0.0	UnmarkedThenRandom	98	501	0	501	0	0	0	0
C117	501	60	0	0	3	22	12.416666666666666	0	0	0.0	0	0	0.0	0	0	0	0.0	UnmarkedThenRandom	102	501	0	501	0	0	0	0
C118	501	60	0	0	5	19	12.316666666666666	0	0	0.0	0	0	0.0	0	0	0	0.0	UnmarkedThenRandom	104	501	0	501	0	0	0	0
C119	501	60	0	0	5	20	12.6	0	0	0.0	0	0	0.0	0	0	0	0.0	UnmarkedThenRandom	97	501	0	501	0	0	0	0
C120	501	60	0	0	6	22	12.833333333333334	0	0	0.0	0	0	0.0	0	0	0	0.0	UnmarkedThenRandom	101	501	0	501	0	0	0	0
C121	651	6	0	0	152	186	163.16666666666666	0	0	0.0	0	0	0.0	0	0	0	0.0	UnmarkedThenRandom	102	501	0	501	0	0	0	0
C122	651	6	0	0	152	178	163.5	0	0	0.0	0	0	0.0	0	0	0	0.0	UnmarkedThenRandom	100	501	0	501	0	0	0	0
C123	651	6	0	0	143	176	159.16666666666666	0	0	0.0	0	0	0.0	0	0	0	0.0	UnmarkedThenRandom	107	501	0	501	0	0	0	0
C124	651	6	0	0	132	180	161.0	0	0	0.0	0	0	0.0	0	0	0	0.0	UnmarkedThenRandom	107	501	0	501	0	0	0	0
C125	206	5	5	0	52	74	58.2	5	5	5.0	0	0	0.0	0	3	15	9.48	UnmarkedThenRandom	102	501	0	501	0	0	0	0
C126	651	6	0	0	157	172	164.16666666666666	0	0	0.0	0	0	0.0	0	0	0	0.0	UnmarkedThenRandom	106	501	0	501	0	0	0	0
C127	651	6	0	0	153	186	166.0	0	0	0.0	0	0	0.0	0	0	0	0.0	UnmarkedThenRandom	107	501	0	501	0	0	0	0
C128	651	6	0	0	150	177	163.66666666666666	0	0	0.0	0	0	0.0	0	0	0	0.0	UnmarkedThenRandom	104	501	0	501	0	0	0	0
C129	651	6	0	0	154	174	162.66666666666666	0	0	0.0	0	0	0.0	0	0	0	0.0	UnmarkedThenRandom	104	501	0	501	0	0	0	0
C130	651	6	0	0	141	180	161.16666666666666	0	0	0.0	0	0	0.0	0	0	0	0.0	UnmarkedThenRandom	99	501	0	501	0	0	0	0
C131	501	70	0	0	6	19	10.614285714285714	0	0	0.0	0	0	0.0	0	0	0	0.0	UnmarkedThenRandom	169	701	0	701	0	0	0	0
C132	206	5	5	0	51	72	60.6	5	5	5.0	0	0	0.0	0	4	17	10.36	UnmarkedThenRandom	166	701	0	701	0	0	0	0
C133	501	70	0	0	5	19	10.785714285714286	0	0	0.0	0	0	0.0	0	0	0	0.0	UnmarkedThenRandom	167	701	0	701	0	0	0	0
C134	501	70	0	0	1	17	10.5	0	0	0.0	0	0	0.0	0	0	0	0.0	UnmarkedThenRandom	165	701	0	701	0	0	0	0
C135	501	70	0	0	6	18	10.771428571428572	0	0	0.0	0	0	0.0	0	0	0	0.0	UnmarkedThenRandom	169	701	0	701	0	0	0	0
C136	501	70	0	0	5	17	10.5	0	0	0.0	0	0	0.0	0	0	0	0.0	UnmarkedThenRandom	164	701	0	701	0	0	0	0
C137	501	70	0	0	4	17	10.6	0	0	0.0	0	0	0.0	0	0	0	0.0	UnmarkedThenRandom	167	701	0	701	0	0	0	0
C138	501	70	0	0	6	18	10.642857142857142	0	0	0.0	0	0	0.0	0	0	0	0.0	UnmarkedThenRandom	170	701	0	701	0	0	0	0
C139	501	70	0	0	2	18	10.842857142857143	0	0	0.0	0	0	0.0	0	0	0	0.0	UnmarkedThenRandom	170	701	0	701	0	0	0	0
C140	501	70	0	0	3	17	10.685714285714285	0	0	0.0	0	0	0.0	0	0	0	0.0	UnmarkedThenRandom	187	701	0	701	0	0	0	0
C141	751	6	0	0	178	212	188.0	0	0	0.0	0	0	0.0	0	0	0	0.0	UnmarkedThenRandom	107	501	0	501	0	0	0	0
C142	751	6	0	0	163	200	189.5	0	0	0.0	0	0	0.0	0	0	0	0.0	UnmarkedThenRandom	108	501	0	501	0	0	0	0
C143	751	6	0	0	171	204	187.16666666666666	0	0	0.0	0	0	0.0	0	0	0	0.0	UnmarkedThenRandom	108	501	0	501	0	0	0	0
C144	751	6	0	0	176	204	187.33333333333334	0	0	0.0	0	0	0.0	0	0	0	0.0	UnmarkedThenRandom	105	501	0	501	0	0	0	0
C145	751	6	0	0	176	206	187.5	0	0	0.0	0	0	0.0	0	0	0	0.0	UnmarkedThenRandom	114	501	0	501	0	0	0	0
C146	751	6	0	0	177	199	190.0	0	0	0.0	0	0	0.0	0	0	0	0.0	UnmarkedThenRandom	111	501	0	501	0	0	0	0
C147	751	6	0	0	172	200	189.16666666666666	0	0	0.0	0	0	0.0	0	0	0	0.0	UnmarkedThenRandom	111	501	0	501	0	0	0	0
C148	751	6	0	0	183	199	189.16666666666666	0	0	0.0	0	0	0.0	0	0	0	0.0	UnmarkedThenRandom	108	501	0	501	0	0	0	0
C149	751	6	0	0	167	208	188.5	0	0	0.0	0	0	0.0	0	0	0	0.0	UnmarkedThenRandom	109	501	0	501	0	0	0	0
C150	751	6	0	0	180	208	188.83333333333334	0	0	0.0	0	0	0.0	0	0	0	0.0	UnmarkedThenRandom	109	501	0	501	0	0	0	0
C151	501	80	0	0	2	18	9.3125	0	0	0.0	0	0	0.0	0	0	0	0.0	UnmarkedThenRandom	111	501	0	501	0	0	0	0
C152	501	80	0	0	3	18	9.525	0	0	0.0	0	0	0.0	0	0	0	0.0	UnmarkedThenRandom	110	501	0	501	0	0	0	0
C153	501	80	0	0	3	16	9.2375	0	0	0.0	0	0	0.0	0	0	0	0.0	UnmarkedThenRandom	109	501	0	501	0	0	0	0
C154	501	80	0	0	3	18	9.35	0	0	0.0	0	0	0.0	0	0	0	0.0	UnmarkedThenRandom	108	501	0	501	0	0	0	0
C155	501	80	0	0	3	18	9.4625	0	0	0.0	0	0	0.0	0	0	0	0.0	UnmarkedThenRandom	109	501	0	501	0	0	0	0
C156	501	80	0	0	4	19	9.575	0	0	0.0	0	0	0.0	0	0	0	0.0	UnmarkedThenRandom	109	501	0	501	0	0	0	0
C157	501	80	0	0	3	16	9.45	0	0	0.0	0	0	0.0	0	0	0	0.0	UnmarkedThenRandom	109	501	0	501	0	0	0	0
C158	501	80	0	0	3	16	9.575	0	0	0.0	0	0	0.0	0	0	0	0.0	UnmarkedThenRandom	106	501	0	501	0	0	0	0
C159	501	80	0	0	4	18	9.5375	0	0	0.0	0	0	0.0	0	0	0	0.0	UnmarkedThenRandom	104	501	0	501	0	0	0	0
C160	501	80	0	0	4	18	9.3	0	0	0.0	0	0	0.0	0	0	0	0.0	UnmarkedThenRandom	113	501	0	501	0	0	0	0
C161	851	6	0	0	204	238	211.83333333333334	0	0	0.0	0	0	0.0	0	0	0	0.0	UnmarkedThenRandom	111	501	0	501	0	0	0	0
C162	851	6	0	0	180	235	211.66666666666666	0	0	0.0	0	0	0.0	0	0	0	0.0	UnmarkedThenRandom	112	501	0	501	0	0	0	0
C163	851	6	0	0	180	229	210.16666666666666	0	0	0.0	0	0	0.0	0	0	0	0.0	UnmarkedThenRandom	109	501	0	501	0	0	0	0
C164	851	6	0	0	190	235	209.33333333333334	0	0	0.0	0	0	0.0	0	0	0	0.0	UnmarkedThenRandom	117	501	0	501	0	0	0	0
C165	851	6	0	0	209	225	214.5	0	0	0.0	0	0	0.0	0	0	0	0.0	UnmarkedThenRandom	112	501	0	501	0	0	0	0
C166	851	6	0	0	197	223	214.0	0	0	0.0	0	0	0.0	0	0	0	0.0	UnmarkedThenRandom	116	501	0	501	0	0	0	0
C167	851	6	0	0	202	235	214.5	0	0	0.0	0	0	0.0	0	0	0	0.0	UnmarkedThenRandom	109	501	0	501	0	0	0	0
C168	851	6	0	0	197	229	213.66666666666666	0	0	0.0	0	0	0.0	0	0	0	0.0	UnmarkedThenRandom	114	501	0	501	0	0	0	0
C169	851	6	0	0	200	229	211.0	0	0	0.0	0	0	0.0	0	0	0	0.0	UnmarkedThenRandom	110	501	0	501	0	0	0	0
C170	851	6	0	0	174	231	207.16666666666666	0	0	0.0	0	0	0.0	0	0	0	0.0	UnmarkedThenRandom	115	501	0	501	0	0	0	0
C171	501	90	0	0	2	19	8.433333333333334	0	0	0.0	0	0	0.0	0	0	0	0.0	UnmarkedThenRandom	283	901	0	901	0	0	0	0
C172	501	90	0	0	2	15	8.21111111111111	0	0	0.0	0	0	0.0	0	0	0	0.0	UnmarkedThenRandom	287	901	0	901	0	0	0	0
C173	501	90	0	0	2	19	8.311111111111112	0	0	0.0	0	0	0.0	0	0	0	0.0	UnmarkedThenRandom	283	901	0	901	0	0	0	0
C174	501	90	0	0	1	19	8.11111111111111	0	0	0.0	0	0	0.0	0	0	0	0.0	UnmarkedThenRandom	284	901	0	901	0	0	0	0
C175	501	90	0	0	1	18	8.166666666666666	0	0	0.0	0	0	0.0	0	0	0	0.0	UnmarkedThenRandom	283	901	0	901	0	0	0	0
C176	501	90	0	0	3	17	8.322222222222223	0	0	0.0	0	0	0.0	0	0	0	0.0	UnmarkedThenRandom	285	901	0	901	0	0	0	0
C177	501	90	0	0	3	15	8.366666666666667	0	0	0.0	0	0	0.0	0	0	0	0.0	UnmarkedThenRandom	287	901	0	901	0	0	0	0
C178	501	90	0	0	3	15	8.433333333333334	0	0	0.0	0	0	0.0	0	0	0	0.0	UnmarkedThenRandom	286	901	0	901	0	0	0	0
C179	501	90	0	0	2	20	8.466666666666667	0	0	0.0	0	0	0.0	0	0	0	0.0	UnmarkedThenRandom	293	901	0	901	0	0	0	0
C180	501	90	0	0	2	18	8.222222222222221	0	0	0.0	0	0	0.0	0	0	0	0.0	UnmarkedThenRandom	283	901	0	901	0	0	0	0
C181	501	95	0	0	3	15	7.88421052631579	0	0	0.0	0	0	0.0	0	0	0	0.0	UnmarkedThenRandom	115	501	0	501	0	0	0	0
C182	501	95	0	0	1	17	7.905263157894737	0	0	0.0	0	0	0.0	0	0	0	0.0	UnmarkedThenRandom	117	501	0	501	0	0	0	0
C183	501	95	0	0	2	15	8.16842105263158	0	0	0.0	0	0	0.0	0	0	0	0.0	UnmarkedThenRandom	110	501	0	501	0	0	0	0
C184	501	95	0	0	2	15	7.726315789473684	0	0	0.0	0	0	0.0	0	0	0	0.0	UnmarkedThenRandom	118	501	0	501	0	0	0	0
C185	501	95	0	0	2	16	7.989473684210527	0	0	0.0	0	0	0.0	0	0	0	0.0	UnmarkedThenRandom	116	501	0	501	0	0	0	0
C186	501	95	0	0	1	16	7.7894736842105265	0	0	0.0	0	0	0.0	0	0	0	0.0	UnmarkedThenRandom	117	501	0	501	0	0	0	0
C187	501	95	0	0	1	17	7.978947368421053	0	0	0.0	0	0	0.0	0	0	0	0.0	UnmarkedThenRandom	117	501	0	501	0	0	0	0
C188	501	95	0	0	3	14	7.873684210526315	0	0	0.0	0	0	0.0	0	0	0	0.0	UnmarkedThenRandom	117	501	0	501	0	0	0	0
C189	501	95	0	0	2	18	8.031578947368422	0	0	0.0	0	0	0.0	0	0	0	0.0	UnmarkedThenRandom	115	501	0	501	0	0	0	0
C190	501	95	0	0	3	15	8.157894736842104	0	0	0.0	0	0	0.0	0	0	0	0.0	UnmarkedThenRandom	110	501	0	501	0	0	0	0
C191	1001	6	0	0	241	279	251.16666666666666	0	0	0.0	0	0	0.0	0	0	0	0.0	UnmarkedThenRandom	354	1001	0	1001	0	0	0	0
C192	1001	6	0	0	227	262	247.16666666666666	0	0	0.0	0	0	0.0	0	0	0	0.0	UnmarkedThenRandom	353	1001	0	1001	0	0	0	0
C193	1001	6	0	0	227	272	249.33333333333334	0	0	0.0	0	0	0.0	0	0	0	0.0	UnmarkedThenRandom	359	1001	0	1001	0	0	0	0
C194	1001	6	0	0	234	264	248.33333333333334	0	0	0.0	0	0	0.0	0	0	0	0.0	UnmarkedThenRandom	360	1001	0	1001	0	0	0	0
C195	1001	6	0	0	236	281	253.83333333333334	0	0	0.0	0	0	0.0	0	0	0	0.0	UnmarkedThenRandom	351	1001	0	1001	0	0	0	0
C196	1001	6	0	0	228	264	250.33333333333334	0	0	0.0	0	0	0.0	0	0	0	0.0	UnmarkedThenRandom	359	1001	0	1001	0	0	0	0
C197	1001	6	0	0	230	279	251.66666666666666	0	0	0.0	0	0	0.0	0	0	0	0.0	UnmarkedThenRandom	355	1001	0	1001	0	0	0	0
C198	1001	6	0	0	235	264	246.16666666666666	0	0	0.0	0	0	0.0	0	0	0	0.0	UnmarkedThenRandom	365	1001	0	1001	0	0	0	0
C199	1001	6	0	0	228	272	249.33333333333334	0	0	0.0	0	0	0.0	0	0	0	0.0	UnmarkedThenRandom	351	1001	0	1001	0	0	0	0
C200	1001	6	0	0	222	260	246.33333333333334	0	0	0.0	0	0	0.0	0	0	0	0.0	UnmarkedThenRandom	369	1001	0	1001	0	0	0	0
C201	1051	6	0	0	251	294	264.3333333333333	0	0	0.0	0	0	0.0	0	0	0	0.0	UnmarkedThenRandom	388	1051	0	1051	0	0	0	0
C202	1051	6	0	0	239	281	260.0	0	0	0.0	0	0	0.0	0	0	0	0.0	UnmarkedThenRandom	389	1051	0	1051	0	0	0	0
C203	1051	6	0	0	243	271	261.5	0	0	0.0	0	0	0.0	0	0	0	0.0	UnmarkedThenRandom	392	1051	0	1051	0	0	0	0
C204	1051	6	0	0	256	278	265.0	0	0	0.0	0	0	0.0	0	0	0	0.0	UnmarkedThenRandom	385	1051	0	1051	0	0	0	0
C205	1051	6	0	0	252	280	264.8333333333333	0	0	0.0	0	0	0.0	0	0	0	0.0	UnmarkedThenRandom	388	1051	0	1051	0	0	0	0
C206	1051	6	0	0	254	270	261.5	0	0	0.0	0	0	0.0	0	0	0	0.0	UnmarkedThenRandom	394	1051	0	1051	0	0	0	0
C207	1051	6	0	0	249	292	261.3333333333333	0	0	0.0	0	0	0.0	0	0	0	0.0	UnmarkedThenRandom	399	1051	0	1051	0	0	0	0
C208	1051	6	0	0	227	279	256.1666666666667	0	0	0.0	0	0	0.0	0	0	0	0.0	UnmarkedThenRandom	401	1051	0	1051	0	0	0	0
C209	1051	6	0	0	257	265	261.3333333333333	0	0	0.0	0	0	0.0	0	0	0	0.0	UnmarkedThenRandom	400	1051	0	1051	0	0	0	0
C210	1051	6	0	0	217	279	259.3333333333333	0	0	0.0	0	0	0.0	0	0	0	0.0	UnmarkedThenRandom	399	1051	0	1051	0	0	0	0
C211	1101	6	0	0	260	310	276.1666666666667	0	0	0.0	0	0	0.0	0	0	0	0.0	UnmarkedThenRandom	437	1101	0	1101	0	0	0	0
C212	1101	6	0	0	255	299	273.5	0	0	0.0	0	0	0.0	0	0	0	0.0	UnmarkedThenRandom	425	1101	0	1101	0	0	0	0
C213	1101	6	0	0	246	292	272.8333333333333	0	0	0.0	0	0	0.0	0	0	0	0.0	UnmarkedThenRandom	433	1101	0	1101	0	0	0	0
C214	206	5	5	0	54	63	58.4	5	5	5.0	0	0	0.0	0	3	15	9.6	UnmarkedThenRandom	422	1101	0	1101	0	0	0	0
C215	1101	6	0	0	258	292	277.1666666666667	0	0	0.0	0	0	0.0	0	0	0	0.0	UnmarkedThenRandom	424	1101	0	1101	0	0	0	0
C216	1101	6	0	0	257	291	275.3333333333333	0	0	0.0	0	0	0.0	0	0	0	0.0	UnmarkedThenRandom	432	1101	0	1101	0	0	0	0
C217	1101	6	0	0	258	291	273.6666666666667	0	0	0.0	0	0	0.0	0	0	0	0.0	UnmarkedThenRandom	434	1101	0	1101	0	0	0	0
C218	1101	6	0	0	234	304	271.5	0	0	0.0	0	0	0.0	0	0	0	0.0	UnmarkedThenRandom	435	1101	0	1101	0	0	0	0
C219	1101	6	0	0	239	290	269.5	0	0	0.0	0	0	0.0	0	0	0	0.0	UnmarkedThenRandom	436	1101	0	1101	0	0	0	0
C220	1101	6	0	0	263	287	273.8333333333333	0	0	0.0	0	0	0.0	0	0	0	0.0	UnmarkedThenRandom	429	1101	0	1101	0	0	0	0
C221	1151	6	0	0	271	319	289.8333333333333	0	0	0.0	0	0	0.0	0	0	0	0.0	UnmarkedThenRandom	472	1151	0	1151	0	0	0	0
C222	1151	6	0	0	254	316	284.8333333333333	0	0	0.0	0	0	0.0	0	0	0	0.0	UnmarkedThenRandom	472	1151	0	1151	0	0	0	0
C223	1151	6	0	0	263	309	286.0	0	0	0.0	0	0	0.0	0	0	0	0.0	UnmarkedThenRandom	478	1151	0	1151	0	0	0	0
C224	1151	6	0	0	277	298	289.1666666666667	0	0	0.0	0	0	0.0	0	0	0	0.0	UnmarkedThenRandom	464	1151	0	1151	0	0	0	0
C225	1151	6	0	0	275	295	288.5	0	0	0.0	0	0	0.0	0	0	0	0.0	UnmarkedThenRandom	469	1151	0	1151	0	0	0	0
C226	1151	6	0	0	257	313	288.0	0	0	0.0	0	0	0.0	0	0	0	0.0	UnmarkedThenRandom	469	1151	0	1151	0	0	0	0
C227	1151	6	0	0	267	307	284.0	0	0	0.0	0	0	0.0	0	0	0	0.0	UnmarkedThenRandom	485	1151	0	1151	0	0	0	0
C228	1151	6	0	0	274	307	288.5	0	0	0.0	0	0	0.0	0	0	0	0.0	UnmarkedThenRandom	470	1151	0	1151	0	0	0	0
C229	1151	6	0	0	252	298	285.3333333333333	0	0	0.0	0	0	0.0	0	0	0	0.0	UnmarkedThenRandom	504	1151	0	1151	0	0	0	0
C230	1151	6	0	0	277	296	286.8333333333333	0	0	0.0	0	0	0.0	0	0	0	0.0	UnmarkedThenRandom	479	1151	0	1151	0	0	0	0
C241	1251	6	0	0	299	344	316.1666666666667	0	0	0.0	0	0	0.0	0	0	0	0.0	UnmarkedThenRandom	551	1251	0	1251	0	0	0	0
C242	1251	6	0	0	287	330	308.6666666666667	0	0	0.0	0	0	0.0	0	0	0	0.0	UnmarkedThenRandom	562	1251	0	1251	0	0	0	0
C243	1251	6	0	0	296	342	310.6666666666667	0	0	0.0	0	0	0.0	0	0	0	0.0	UnmarkedThenRandom	564	1251	0	1251	0	0	0	0
C244	1251	6	0	0	301	338	317.0	0	0	0.0	0	0	0.0	0	0	0	0.0	UnmarkedThenRandom	577	1251	0	1251	0	0	0	0
C245	1251	6	0	0	298	327	311.0	0	0	0.0	0	0	0.0	0	0	0	0.0	UnmarkedThenRandom	567	1251	0	1251	0	0	0	0
C246	1251	6	0	0	306	335	314.0	0	0	0.0	0	0	0.0	0	0	0	0.0	UnmarkedThenRandom	556	1251	0	1251	0	0	0	0
C247	1251	6	0	0	269	336	308.6666666666667	0	0	0.0	0	0	0.0	0	0	0	0.0	UnmarkedThenRandom	564	1251	0	1251	0	0	0	0
C248	1251	6	0	0	279	321	309.5	0	0	0.0	0	0	0.0	0	0	0	0.0	UnmarkedThenRandom	568	1251	0	1251	0	0	0	0
C249	1251	6	0	0	294	320	309.3333333333333	0	0	0.0	0	0	0.0	0	0	0	0.0	UnmarkedThenRandom	566	1251	0	1251	0	0	0	0
C250	1251	6	0	0	304	322	313.8333333333333	0	0	0.0	0	0	0.0	0	0	0	0.0	UnmarkedThenRandom	567	1251	0	1251	0	0	0	0
C251	1301	6	0	0	309	355	327.0	0	0	0.0	0	0	0.0	0	0	0	0.0	UnmarkedThenRandom	608	1301	0	1301	0	0	0	0
C252	1301	6	0	0	296	351	320.8333333333333	0	0	0.0	0	0	0.0	0	0	0	0.0	UnmarkedThenRandom	617	1301	0	1301	0	0	0	0
C253	1301	6	0	0	308	352	323.3333333333333	0	0	0.0	0	0	0.0	0	0	0	0.0	UnmarkedThenRandom	603	1301	0	1301	0	0	0	0
C254	1301	6	0	0	311	356	329.0	0	0	0.0	0	0	0.0	0	0	0	0.0	UnmarkedThenRandom	602	1301	0	1301	0	0	0	0
C255	1301	6	0	0	312	338	324.5	0	0	0.0	0	0	0.0	0	0	0	0.0	UnmarkedThenRandom	608	1301	0	1301	0	0	0	0
C256	1301	6	0	0	307	343	322.8333333333333	0	0	0.0	0	0	0.0	0	0	0	0.0	UnmarkedThenRandom	615	1301	0	1301	0	0	0	0
C257	1301	6	0	0	310	341	323.3333333333333	0	0	0.0	0	0	0.0	0	0	0	0.0	UnmarkedThenRandom	608	1301	0	1301	0	0	0	0
C258	1301	6	0	0	282	342	321.5	0	0	0.0	0	0	0.0	0	0	0	0.0	UnmarkedThenRandom	617	1301	0	1301	0	0	0	0
C259	1301	6	0	0	315	332	325.0	0	0	0.0	0	0	0.0	0	0	0	0.0	UnmarkedThenRandom	609	1301	0	1301	0	0	0	0
C260	1301	6	0	0	299	342	321.6666666666667	0	0	0.0	0	0	0.0	0	0	0	0.0	UnmarkedThenRandom	638	1301	0	1301	0	0	0	0
C261	1351	6	0	0	318	366	339.3333333333333	0	0	0.0	0	0	0.0	0	0	0	0.0	UnmarkedThenRandom	653	1351	0	1351	0	0	0	0
C262	1351	6	0	0	302	369	336.1666666666667	0	0	0.0	0	0	0.0	0	0	0	0.0	UnmarkedThenRandom	654	1351	0	1351	0	0	0	0
C263	1351	6	0	0	318	358	335.3333333333333	0	0	0.0	0	0	0.0	0	0	0	0.0	UnmarkedThenRandom	685	1351	0	1351	0	0	0	0
C264	1351	6	0	0	325	353	340.3333333333333	0	0	0.0	0	0	0.0	0	0	0	0.0	UnmarkedThenRandom	649	1351	0	1351	0	0	0	0
C265	1351	6	0	0	310	367	339.6666666666667	0	0	0.0	0	0	0.0	0	0	0	0.0	UnmarkedThenRandom	652	1351	0	1351	0	0	0	0
C266	1351	6	0	0	310	365	333.6666666666667	0	0	0.0	0	0	0.0	0	0	0	0.0	UnmarkedThenRandom	668	1351	0	1351	0	0	0	0
C267	1351	6	0	0	315	347	335.1666666666667	0	0	0.0	0	0	0.0	0	0	0	0.0	UnmarkedThenRandom	667	1351	0	1351	0	0	0	0
C268	1351	6	0	0	315	353	332.3333333333333	0	0	0.0	0	0	0.0	0	0	0	0.0	UnmarkedThenRandom	661	1351	0	1351	0	0	0	0
C269	1351	6	0	0	326	342	336.5	0	0	0.0	0	0	0.0	0	0	0	0.0	UnmarkedThenRandom	671	1351	0	1351	0	0	0	0
C270	1351	6	0	0	315	349	333.0	0	0	0.0	0	0	0.0	0	0	0	0.0	UnmarkedThenRandom	663	1351	0	1351	0	0	0	0
C271	1401	6	0	0	332	383	353.5	0	0	0.0	0	0	0.0	0	0	0	0.0	UnmarkedThenRandom	700	1401	0	1401	0	0	0	0
C272	1401	6	0	0	325	378	350.6666666666667	0	0	0.0	0	0	0.0	0	0	0	0.0	UnmarkedThenRandom	691	1401	0	1401	0	0	0	0
C273	1401	6	0	0	332	373	350.5	0	0	0.0	0	0	0.0	0	0	0	0.0	UnmarkedThenRandom	696	1401	0	1401	0	0	0	0
C274	1401	6	0	0	337	365	351.6666666666667	0	0	0.0	0	0	0.0	0	0	0	0.0	UnmarkedThenRandom	746	1401	0	1401	0	0	0	0
C275	1401	6	0	0	327	380	351.0	0	0	0.0	0	0	0.0	0	0	0	0.0	UnmarkedThenRandom	707	1401	0	1401	0	0	0	0
C276	1401	6	0	0	314	367	343.5	0	0	0.0	0	0	0.0	0	0	0	0.0	UnmarkedThenRandom	717	1401	0	1401	0	0	0	0
C277	1401	6	0	0	328	357	348.0	0	0	0.0	0	0	0.0	0	0	0	0.0	UnmarkedThenRandom	714	1401	0	1401	0	0	0	0
C278	1401	6	0	0	330	363	348.3333333333333	0	0	0.0	0	0	0.0	0	0	0	0.0	UnmarkedThenRandom	713	1401	0	1401	0	0	0	0
C279	1401	6	0	0	336	366	349.1666666666667	0	0	0.0	0	0	0.0	0	0	0	0.0	UnmarkedThenRandom	752	1401	0	1401	0	0	0	0
C280	1401	6	0	0	325	357	345.5	0	0	0.0	0	0	0.0	0	0	0	0.0	UnmarkedThenRandom	719	1401	0	1401	0	0	0	0
C291	1501	6	0	0	347	408	377.3333333333333	0	0	0.0	0	0	0.0	0	0	0	0.0	UnmarkedThenRandom	816	1501	0	1501	0	0	0	0
C292	1501	6	0	0	342	399	374.0	0	0	0.0	0	0	0.0	0	0	0	0.0	UnmarkedThenRandom	808	1501	0	1501	0	0	0	0
C293	1501	6	0	0	360	399	378.5	0	0	0.0	0	0	0.0	0	0	0	0.0	UnmarkedThenRandom	804	1501	0	1501	0	0	0	0
C294	1501	6	0	0	366	391	376.8333333333333	0	0	0.0	0	0	0.0	0	0	0	0.0	UnmarkedThenRandom	817	1501	0	1501	0	0	0	0
C295	1501	6	0	0	364	406	378.6666666666667	0	0	0.0	0	0	0.0	0	0	0	0.0	UnmarkedThenRandom	810	1501	0	1501	0	0	0	0
C296	1501	6	0	0	332	408	371.5	0	0	0.0	0	0	0.0	0	0	0	0.0	UnmarkedThenRandom	821	1501	0	1501	0	0	0	0
C297	1501	6	0	0	326	388	369.6666666666667	0	0	0.0	0	0	0.0	0	0	0	0.0	UnmarkedThenRandom	823	1501	0	1501	0	0	0	0
C298	1501	6	0	0	370	386	376.0	0	0	0.0	0	0	0.0	0	0	0	0.0	UnmarkedThenRandom	811	1501	0	1501	0	0	0	0
C299	1501	6	0	0	354	389	371.8333333333333	0	0	0.0	0	0	0.0	0	0	0	0.0	UnmarkedThenRandom	824	1501	0	1501	0	0	0	0
C300	1501	6	0	0	333	419	373.8333333333333	0	0	0.0	0	0	0.0	0	0	0	0.0	UnmarkedThenRandom	820	1501	0	1501	0	0	0	0
C301	1551	6	0	0	357	418	389.0	0	0	0.0	0	0	0.0	0	0	0	0.0	UnmarkedThenRandom	870	1551	0	1551	0	0	0	0
C302	1551	6	0	0	359	409	385.8333333333333	0	0	0.0	0	0	0.0	0	0	0	0.0	UnmarkedThenRandom	877	1551	0	1551	0	0	0	0
C303	1551	6	0	0	382	414	392.0	0	0	0.0	0	0	0.0	0	0	0	0.0	UnmarkedThenRandom	859	1551	0	1551	0	0	0	0
C304	1551	6	0	0	380	400	387.1666666666667	0	0	0.0	0	0	0.0	0	0	0	0.0	UnmarkedThenRandom	873	1551	0	1551	0	0	0	0
C305	1551	6	0	0	375	403	386.3333333333333	0	0	0.0	0	0	0.0	0	0	0	0.0	UnmarkedThenRandom	891	1551	0	1551	0	0	0	0
C306	1551	6	0	0	367	402	385.8333333333333	0	0	0.0	0	0	0.0	0	0	0	0.0	UnmarkedThenRandom	873	1551	0	1551	0	0	0	0
C307	1551	6	0	0	357	404	384.1666666666667	0	0	0.0	0	0	0.0	0	0	0	0.0	UnmarkedThenRandom	901	1551	0	1551	0	0	0	0
C308	1551	6	0	0	374	404	386.8333333333333	0	0	0.0	0	0	0.0	0	0	0	0.0	UnmarkedThenRandom	886	1551	0	1551	0	0	0	0
C309	1551	6	0	0	344	399	380.6666666666667	0	0	0.0	0	0	0.0	0	0	0	0.0	UnmarkedThenRandom	892	1551	0	1551	0	0	0	0
C310	1551	6	0	0	371	407	386.3333333333333	0	0	0.0	0	0	0.0	0	0	0	0.0	UnmarkedThenRandom	869	1551	0	1551	0	0	0	0
C311	1601	6	0	0	366	429	400.6666666666667	0	0	0.0	0	0	0.0	0	0	0	0.0	UnmarkedThenRandom	935	1601	0	1601	0	0	0	0
C312	1601	6	0	0	363	422	397.6666666666667	0	0	0.0	0	0	0.0	0	0	0	0.0	UnmarkedThenRandom	938	1601	0	1601	0	0	0	0
C313	1601	6	0	0	389	424	404.6666666666667	0	0	0.0	0	0	0.0	0	0	0	0.0	UnmarkedThenRandom	918	1601	0	1601	0	0	0	0
C314	1601	6	0	0	383	414	401.1666666666667	0	0	0.0	0	0	0.0	0	0	0	0.0	UnmarkedThenRandom	974	1601	0	1601	0	0	0	0
C315	1601	6	0	0	371	421	396.6666666666667	0	0	0.0	0	0	0.0	0	0	0	0.0	UnmarkedThenRandom	985	1601	0	1601	0	0	0	0
C316	1601	6	0	0	378	416	397.3333333333333	0	0	0.0	0	0	0.0	0	0	0	0.0	UnmarkedThenRandom	939	1601	0	1601	0	0	0	0
C317	1601	6	0	0	380	412	399.1666666666667	0	0	0.0	0	0	0.0	0	0	0	0.0	UnmarkedThenRandom	938	1601	0	1601	0	0	0	0
C318	1601	6	0	0	379	412	397.5	0	0	0.0	0	0	0.0	0	0	0	0.0	UnmarkedThenRandom	949	1601	0	1601	0	0	0	0
C319	1601	6	0	0	372	411	396.1666666666667	0	0	0.0	0	0	0.0	0	0	0	0.0	UnmarkedThenRandom	956	1601	0	1601	0	0	0	0
C320	1601	6	0	0	384	431	402.3333333333333	0	0	0.0	0	0	0.0	0	0	0	0.0	UnmarkedThenRandom	924	1601	0	1601	0	0	0	0
C321	1651	6	0	0	378	439	412.1666666666667	0	0	0.0	0	0	0.0	0	0	0	0.0	UnmarkedThenRandom	1003	1651	0	1651	0	0	0	0
C322	1651	6	0	0	373	444	411.0	0	0	0.0	0	0	0.0	0	0	0	0.0	UnmarkedThenRandom	1000	1651	0	1651	0	0	0	0
C323	1651	6	0	0	391	432	415.0	0	0	0.0	0	0	0.0	0	0	0	0.0	UnmarkedThenRandom	979	1651	0	1651	0	0	0	0
C324	1651	6	0	0	379	433	411.5	0	0	0.0	0	0	0.0	0	0	0	0.0	UnmarkedThenRandom	994	1651	0	1651	0	0	0	0
C325	1651	6	0	0	375	433	407.3333333333333	0	0	0.0	0	0	0.0	0	0	0	0.0	UnmarkedThenRandom	1010	1651	0	1651	0	0	0	0
C326	1651	6	0	0	393	418	410.3333333333333	0	0	0.0	0	0	0.0	0	0	0	0.0	UnmarkedThenRandom	1006	1651	0	1651	0	0	0	0
C327	1651	6	0	0	401	420	408.1666666666667	0	0	0.0	0	0	0.0	0	0	0	0.0	UnmarkedThenRandom	1066	1651	0	1651	0	0	0	0
C328	1651	6	0	0	380	439	409.0	0	0	0.0	0	0	0.0	0	0	0	0.0	UnmarkedThenRandom	1009	1651	0	1651	0	0	0	0
C329	1651	6	0	0	378	449	406.8333333333333	0	0	0.0	0	0	0.0	0	0	0	0.0	UnmarkedThenRandom	1002	1651	0	1651	0	0	0	0
C330	1651	6	0	0	386	441	413.3333333333333	0	0	0.0	0	0	0.0	0	0	0	0.0	UnmarkedThenRandom	995	1651	0	1651	0	0	0	0
C331	1701	6	0	0	396	450	426.3333333333333	0	0	0.0	0	0	0.0	0	0	0	0.0	UnmarkedThenRandom	1091	1701	0	1701	0	0	0	0
C332	1701	6	0	0	379	456	422.8333333333333	0	0	0.0	0	0	0.0	0	0	0	0.0	UnmarkedThenRandom	1062	1701	0	1701	0	0	0	0
C333	1701	6	0	0	410	443	429.3333333333333	0	0	0.0	0	0	0.0	0	0	0	0.0	UnmarkedThenRandom	1048	1701	0	1701	0	0	0	0
C334	1701	6	0	0	404	449	426.5	0	0	0.0	0	0	0.0	0	0	0	0.0	UnmarkedThenRandom	1057	1701	0	1701	0	0	0	0
C335	1701	6	0	0	390	436	418.0	0	0	0.0	0	0	0.0	0	0	0	0.0	UnmarkedThenRandom	1081	1701	0	1701	0	0	0	0
C336	1701	6	0	0	391	447	422.8333333333333	0	0	0.0	0	0	0.0	0	0	0	0.0	UnmarkedThenRandom	1117	1701	0	1701	0	0	0	0
C337	1701	6	0	0	414	434	425.6666666666667	0	0	0.0	0	0	0.0	0	0	0	0.0	UnmarkedThenRandom	1053	1701	0	1701	0	0	0	0
C338	1701	6	0	0	409	431	421.5	0	0	0.0	0	0	0.0	0	0	0	0.0	UnmarkedThenRandom	1061	1701	0	1701	0	0	0	0
C339	206	5	5	0	53	66	61.4	5	5	5.0	0	0	0.0	0	5	16	10.04	UnmarkedThenRandom	1062	1701	0	1701	0	0	0	0
C340	1701	6	0	0	366	476	423.1666666666667	0	0	0.0	0	0	0.0	0	0	0	0.0	UnmarkedThenRandom	1049	1701	0	1701	0	0	0	0
C341	1751	6	0	0	403	457	437.8333333333333	0	0	0.0	0	0	0.0	0	0	0	0.0	UnmarkedThenRandom	1125	1751	0	1751	0	0	0	0
C342	1751	6	0	0	394	468	436.5	0	0	0.0	0	0	0.0	0	0	0	0.0	UnmarkedThenRandom	1124	1751	0	1751	0	0	0	0
C343	1751	6	0	0	415	458	441.0	0	0	0.0	0	0	0.0	0	0	0	0.0	UnmarkedThenRandom	1113	1751	0	1751	0	0	0	0
C344	1751	6	0	0	406	471	438.0	0	0	0.0	0	0	0.0	0	0	0	0.0	UnmarkedThenRandom	1126	1751	0	1751	0	0	0	0
C345	1751	6	0	0	401	457	433.0	0	0	0.0	0	0	0.0	0	0	0	0.0	UnmarkedThenRandom	1135	1751	0	1751	0	0	0	0
C346	206	5	5	0	54	71	63.4	5	5	5.0	0	0	0.0	0	3	17	10.8	UnmarkedThenRandom	1204	1751	0	1751	0	0	0	0
C347	1751	6	0	0	422	461	439.0	0	0	0.0	0	0	0.0	0	0	0	0.0	UnmarkedThenRandom	1126	1751	0	1751	0	0	0	0
C348	1751	6	0	0	410	441	430.0	0	0	0.0	0	0	0.0	0	0	0	0.0	UnmarkedThenRandom	1142	1751	0	1751	0	0	0	0
C349	1751	6	0	0	425	456	437.8333333333333	0	0	0.0	0	0	0.0	0	0	0	0.0	UnmarkedThenRandom	1114	1751	0	1751	0	0	0	0
C350	1751	6	0	0	419	487	439.3333333333333	0	0	0.0	0	0	0.0	0	0	0	0.0	UnmarkedThenRandom	1156	1751	0	1751	0	0	0	0
C351	1801	6	0	0	417	475	450.6666666666667	0	0	0.0	0	0	0.0	0	0	0	0.0	UnmarkedThenRandom	1189	1801	0	1801	0	0	0	0
C352	1801	6	0	0	401	475	449.1666666666667	0	0	0.0	0	0	0.0	0	0	0	0.0	UnmarkedThenRandom	1263	1801	0	1801	0	0	0	0
C353	1801	6	0	0	435	470	453.6666666666667	0	0	0.0	0	0	0.0	0	0	0	0.0	UnmarkedThenRandom	1177	1801	0	1801	0	0	0	0
C354	1801	6	0	0	429	483	451.5	0	0	0.0	0	0	0.0	0	0	0	0.0	UnmarkedThenRandom	1179	1801	0	1801	0	0	0	0
C355	1801	6	0	0	411	482	444.0	0	0	0.0	0	0	0.0	0	0	0	0.0	UnmarkedThenRandom	1197	1801	0	1801	0	0	0	0
C356	1801	6	0	0	414	464	443.1666666666667	0	0	0.0	0	0	0.0	0	0	0	0.0	UnmarkedThenRandom	1219	1801	0	1801	0	0	0	0
C357	1801	6	0	0	435	470	448.6666666666667	0	0	0.0	0	0	0.0	0	0	0	0.0	UnmarkedThenRandom	1194	1801	0	1801	0	0	0	0
C358	1801	6	0	0	417	469	446.3333333333333	0	0	0.0	0	0	0.0	0	0	0	0.0	UnmarkedThenRandom	1197	1801	0	1801	0	0	0	0
C359	1801	6	0	0	422	487	451.3333333333333	0	0	0.0	0	0	0.0	0	0	0	0.0	UnmarkedThenRandom	1184	1801	0	1801	0	0	0	0
C360	1801	6	0	0	434	480	451.3333333333333	0	0	0.0	0	0	0.0	0	0	0	0.0	UnmarkedThenRandom	1179	1801	0	1801	0	0	0	0
C361	1851	6	0	0	427	486	462.6666666666667	0	0	0.0	0	0	0.0	0	0	0	0.0	UnmarkedThenRandom	1274	1851	0	1851	0	0	0	0
C362	1851	6	0	0	439	479	459.3333333333333	0	0	0.0	0	0	0.0	0	0	0	0.0	UnmarkedThenRandom	1266	1851	0	1851	0	0	0	0
C363	1851	6	0	0	449	485	469.0	0	0	0.0	0	0	0.0	0	0	0	0.0	UnmarkedThenRandom	1257	1851	0	1851	0	0	0	0
C364	1851	6	0	0	429	500	462.8333333333333	0	0	0.0	0	0	0.0	0	0	0	0.0	UnmarkedThenRandom	1258	1851	0	1851	0	0	0	0
C365	1851	6	0	0	430	485	458.1666666666667	0	0	0.0	0	0	0.0	0	0	0	0.0	UnmarkedThenRandom	1262	1851	0	1851	0	0	0	0
C366	1851	6	0	0	427	477	460.1666666666667	0	0	0.0	0	0	0.0	0	0	0	0.0	UnmarkedThenRandom	1264	1851	0	1851	0	0	0	0
C367	1851	6	0	0	442	481	460.5	0	0	0.0	0	0	0.0	0	0	0	0.0	UnmarkedThenRandom	1364	1851	0	1851	0	0	0	0
C368	1851	6	0	0	435	484	456.8333333333333	0	0	0.0	0	0	0.0	0	0	0	0.0	UnmarkedThenRandom	1280	1851	0	1851	0	0	0	0
C369	1851	6	0	0	427	495	461.6666666666667	0	0	0.0	0	0	0.0	0	0	0	0.0	UnmarkedThenRandom	1266	1851	0	1851	0	0	0	0
C370	1851	6	0	0	436	485	461.0	0	0	0.0	0	0	0.0	0	0	0	0.0	UnmarkedThenRandom	1273	1851	0	1851	0	0	0	0
C371	1901	6	0	0	440	499	474.0	0	0	0.0	0	0	0.0	0	0	0	0.0	UnmarkedThenRandom	1343	1901	0	1901	0	0	0	0
C372	1901	6	0	0	451	497	473.5	0	0	0.0	0	0	0.0	0	0	0	0.0	UnmarkedThenRandom	1325	1901	0	1901	0	0	0	0
C373	1901	6	0	0	460	495	478.5	0	0	0.0	0	0	0.0	0	0	0	0.0	UnmarkedThenRandom	1337	1901	0	1901	0	0	0	0
C374	1901	6	0	0	446	495	473.5	0	0	0.0	0	0	0.0	0	0	0	0.0	UnmarkedThenRandom	1338	1901	0	1901	0	0	0	0
C375	1901	6	0	0	451	490	470.0	0	0	0.0	0	0	0.0	0	0	0	0.0	UnmarkedThenRandom	1412	1901	0	1901	0	0	0	0
C376	1901	6	0	0	445	487	471.6666666666667	0	0	0.0	0	0	0.0	0	0	0	0.0	UnmarkedThenRandom	1433	1901	0	1901	0	0	0	0
C377	1901	6	0	0	454	495	471.1666666666667	0	0	0.0	0	0	0.0	0	0	0	0.0	UnmarkedThenRandom	1342	1901	0	1901	0	0	0	0
C378	1901	6	0	0	453	513	472.1666666666667	0	0	0.0	0	0	0.0	0	0	0	0.0	UnmarkedThenRandom	1386	1901	0	1901	0	0	0	0
C379	1901	6	0	0	425	537	476.0	0	0	0.0	0	0	0.0	0	0	0	0.0	UnmarkedThenRandom	1322	1901	0	1901	0	0	0	0
C380	1901	6	0	0	455	485	473.3333333333333	0	0	0.0	0	0	0.0	0	0	0	0.0	UnmarkedThenRandom	1334	1901	0	1901	0	0	0	0
C381	1951	6	0	0	448	512	486.6666666666667	0	0	0.0	0	0	0.0	0	0	0	0.0	UnmarkedThenRandom	1487	1951	0	1951	0	0	0	0
C382	1951	6	0	0	469	507	488.1666666666667	0	0	0.0	0	0	0.0	0	0	0	0.0	UnmarkedThenRandom	1389	1951	0	1951	0	0	0	0
C383	1951	6	0	0	466	507	489.8333333333333	0	0	0.0	0	0	0.0	0	0	0	0.0	UnmarkedThenRandom	1451	1951	0	1951	0	0	0	0
C384	1951	6	0	0	472	513	487.5	0	0	0.0	0	0	0.0	0	0	0	0.0	UnmarkedThenRandom	1408	1951	0	1951	0	0	0	0
C385	1951	6	0	0	473	498	483.0	0	0	0.0	0	0	0.0	0	0	0	0.0	UnmarkedThenRandom	1446	1951	0	1951	0	0	0	0
C386	1951	6	0	0	473	499	484.3333333333333	0	0	0.0	0	0	0.0	0	0	0	0.0	UnmarkedThenRandom	1399	1951	0	1951	0	0	0	0
C387	1951	6	0	0	471	492	481.5	0	0	0.0	0	0	0.0	0	0	0	0.0	UnmarkedThenRandom	1463	1951	0	1951	0	0	0	0
C388	1951	6	0	0	463	508	490.3333333333333	0	0	0.0	0	0	0.0	0	0	0	0.0	UnmarkedThenRandom	1449	1951	0	1951	0	0	0	0
C389	1951	6	0	0	470	532	487.3333333333333	0	0	0.0	0	0	0.0	0	0	0	0.0	UnmarkedThenRandom	1389	1951	0	1951	0	0	0	0
C390	1951	6	0	0	464	509	484.1666666666667	0	0	0.0	0	0	0.0	0	0	0	0.0	UnmarkedThenRandom	1428	1951	0	1951	0	0	0	0
C391	2001	6	0	0	465	519	499.1666666666667	0	0	0.0	0	0	0.0	0	0	0	0.0	UnmarkedThenRandom	1511	2001	0	2001	0	0	0	0
C392	206	5	5	0	54	71	60.8	5	5	5.0	0	0	0.0	0	4	17	10.2	UnmarkedThenRandom	21	209	0	210	1	133	133	133.0
C393	2001	6	0	0	481	523	502.0	0	0	0.0	0	0	0.0	0	0	0	0.0	UnmarkedThenRandom	1470	2001	0	2001	0	0	0	0
C394	2001	6	0	0	479	521	497.0	0	0	0.0	0	0	0.0	0	0	0	0.0	UnmarkedThenRandom	1495	2001	0	2001	0	0	0	0
C395	2001	6	0	0	484	516	498.0	0	0	0.0	0	0	0.0	0	0	0	0.0	UnmarkedThenRandom	1481	2001	0	2001	0	0	0	0
C396	2001	6	0	0	488	510	498.8333333333333	0	0	0.0	0	0	0.0	0	0	0	0.0	UnmarkedThenRandom	1558	2001	0	2001	0	0	0	0
C397	2001	6	0	0	470	508	491.8333333333333	0	0	0.0	0	0	0.0	0	0	0	0.0	UnmarkedThenRandom	1493	2001	0	2001	0	0	0	0
C398	2001	6	0	0	473	526	499.8333333333333	0	0	0.0	0	0	0.0	0	0	0	0.0	UnmarkedThenRandom	1461	2001	0	2001	0	0	0	0
C399	2001	6	0	0	480	543	502.6666666666667	0	0	0.0	0	0	0.0	0	0	0	0.0	UnmarkedThenRandom	1465	2001	0	2001	0	0	0	0
C400	2001	6	0	0	466	523	496.1666666666667	0	0	0.0	0	0	0.0	0	0	0	0.0	UnmarkedThenRandom	1492	2001	0	2001	0	0	0	0
C401	2051	6	0	0	468	534	511.5	0	0	0.0	0	0	0.0	0	0	0	0.0	UnmarkedThenRandom	1584	2051	0	2051	0	0	0	0
C402	2051	6	0	0	488	546	511.8333333333333	0	0	0.0	0	0	0.0	0	0	0	0.0	UnmarkedThenRandom	1537	2051	0	2051	0	0	0	0
C403	2051	6	0	0	497	528	513.0	0	0	0.0	0	0	0.0	0	0	0	0.0	UnmarkedThenRandom	1552	2051	0	2051	0	0	0	0
C404	2051	6	0	0	475	536	508.3333333333333	0	0	0.0	0	0	0.0	0	0	0	0.0	UnmarkedThenRandom	1577	2051	0	2051	0	0	0	0
C405	2051	6	0	0	479	530	511.8333333333333	0	0	0.0	0	0	0.0	0	0	0	0.0	UnmarkedThenRandom	1552	2051	0	2051	0	0	0	0
C406	2051	6	0	0	502	526	513.1666666666666	0	0	0.0	0	0	0.0	0	0	0	0.0	UnmarkedThenRandom	3255	2051	0	2051	0	0	0	0
C407	2051	6	0	0	474	543	509.3333333333333	0	0	0.0	0	0	0.0	0	0	0	0.0	UnmarkedThenRandom	1554	2051	0	2051	0	0	0	0
C408	2051	6	0	0	487	541	513.1666666666666	0	0	0.0	0	0	0.0	0	0	0	0.0	UnmarkedThenRandom	1550	2051	0	2051	0	0	0	0
C409	2051	6	0	0	486	548	514.5	0	0	0.0	0	0	0.0	0	0	0	0.0	UnmarkedThenRandom	1559	2051	0	2051	0	0	0	0
C410	2051	6	0	0	476	537	509.0	0	0	0.0	0	0	0.0	0	0	0	0.0	UnmarkedThenRandom	1562	2051	0	2051	0	0	0	0
C411	2101	6	0	0	487	547	525.0	0	0	0.0	0	0	0.0	0	0	0	0.0	UnmarkedThenRandom	1629	2101	0	2101	0	0	0	0
C412	2101	6	0	0	501	550	524.8333333333334	0	0	0.0	0	0	0.0	0	0	0	0.0	UnmarkedThenRandom	1708	2101	0	2101	0	0	0	0
C413	2101	6	0	0	515	545	526.0	0	0	0.0	0	0	0.0	0	0	0	0.0	UnmarkedThenRandom	1646	2101	0	2101	0	0	0	0
C414	2101	6	0	0	472	548	520.5	0	0	0.0	0	0	0.0	0	0	0	0.0	UnmarkedThenRandom	1660	2101	0	2101	0	0	0	0
C415	2101	6	0	0	474	538	519.1666666666666	0	0	0.0	0	0	0.0	0	0	0	0.0	UnmarkedThenRandom	1754	2101	0	2101	0	0	0	0
C416	2101	6	0	0	504	550	524.5	0	0	0.0	0	0	0.0	0	0	0	0.0	UnmarkedThenRandom	1637	2101	0	2101	0	0	0	0
C417	2101	6	0	0	495	548	519.8333333333334	0	0	0.0	0	0	0.0	0	0	0	0.0	UnmarkedThenRandom	1643	2101	0	2101	0	0	0	0
C418	2101	6	0	0	484	564	523.1666666666666	0	0	0.0	0	0	0.0	0	0	0	0.0	UnmarkedThenRandom	1709	2101	0	2101	0	0	0	0
C419	2101	6	0	0	508	540	524.1666666666666	0	0	0.0	0	0	0.0	0	0	0	0.0	UnmarkedThenRandom	1633	2101	0	2101	0	0	0	0
C420	2101	6	0	0	496	537	520.0	0	0	0.0	0	0	0.0	0	0	0	0.0	UnmarkedThenRandom	1640	2101	0	2101	0	0	0	0
C463	206	5	5	0	54	68	60.8	5	5	5.0	0	0	0.0	0	2	17	9.8	UnmarkedThenRandom	20	205	0	206	1	41	41	41.0
C466	206	5	5	0	51	66	60.2	5	5	5.0	0	0	0.0	0	5	17	10.08	UnmarkedThenRandom	20	201	0	201	0	0	0	0
C474	206	5	5	0	47	69	60.2	5	5	5.0	0	0	0.0	0	5	15	10.28	UnmarkedThenRandom	21	209	0	210	1	100	100	100.0
C1001	1127	6	0	62	41	189	155.66666666666666	0	0	0.0	0	3	0.6666666666666666	2	0	0	0.0	UnmarkedThenRandom	59	1113	0	1113	0	0	0	0
C1002	1883	6	0	89	41	301	126.5	0	0	0.0	0	8	1.5	2	0	0	0.0	UnmarkedThenRandom	63	1893	0	1893	0	0	0	0
C1003	1477	6	0	77	56	305	138.0	0	0	0.0	0	3	0.8333333333333334	3	0	0	0.0	UnmarkedThenRandom	61	1441	0	1441	0	0	0	0
C1004	1842	6	0	79	52	306	206.83333333333334	0	0	0.0	0	3	0.8333333333333334	2	0	0	0.0	UnmarkedThenRandom	92	1819	0	1819	0	0	0	0
C1005	850	6	0	55	27	225	113.33333333333333	0	0	0.0	0	2	0.8333333333333334	3	0	0	0.0	UnmarkedThenRandom	29	867	0	867	0	0	0	0
C1006	501	6	0	31	32	108	61.5	0	0	0.0	0	1	0.5	3	0	0	0.0	UnmarkedThenRandom	14	505	0	505	0	0	0	0
C1007	967	6	0	63	3	119	54.833333333333336	0	0	0.0	0	3	0.8333333333333334	3	0	0	0.0	UnmarkedThenRandom	24	963	0	963	0	0	0	0
C1008	1275	6	0	79	20	213	101.83333333333333	0	0	0.0	0	1	0.6666666666666666	4	0	0	0.0	UnmarkedThenRandom	44	1283	0	1283	0	0	0	0
C1009	1316	6	0	135	21	80	50.666666666666664	0	0	0.0	0	2	0.6666666666666666	3	0	0	0.0	UnmarkedThenRandom	19	1240	0	1240	0	0	0	0
C1010	1167	6	0	71	21	100	61.166666666666664	0	0	0.0	0	2	0.6666666666666666	3	0	0	0.0	UnmarkedThenRandom	28	1163	0	1163	0	0	0	0
C1011	8461	6	0	659	90	520	343.3333333333333	0	0	0.0	0	3	1.1666666666666667	4	0	0	0.0	UnmarkedThenRandom	223	8559	0	8559	0	0	0	0
C1012	50874	6	0	4679	94	1589	478.8333333333333	0	0	0.0	0	5	2.0	5	0	0	0.0	UnmarkedThenRandom	1783	51661	0	51661	0	0	0	0
C1013	5429	6	0	527	31	524	224.5	0	0	0.0	0	5	2.1666666666666665	5	0	0	0.0	UnmarkedThenRandom	179	5551	0	5551	0	0	0	0
C1014	11706	6	0	1139	92	711	414.5	0	0	0.0	0	5	1.6666666666666667	4	0	0	0.0	UnmarkedThenRandom	441	11732	0	11732	0	0	0	0
C1015	6255	6	0	529	148	973	411.6666666666667	0	0	0.0	0	2	1.1666666666666667	5	0	0	0.0	UnmarkedThenRandom	260	6363	0	6363	0	0	0	0
C1016	7337	6	0	647	34	311	163.83333333333334	0	0	0.0	0	7	1.8333333333333333	4	0	0	0.0	UnmarkedThenRandom	219	7787	0	7787	0	0	0	0
C1017	12464	6	0	1079	22	864	229.66666666666666	0	0	0.0	0	15	3.1666666666666665	5	0	0	0.0	UnmarkedThenRandom	338	12299	0	12299	0	0	0	0
C1018	9060	6	0	879	107	935	350.5	0	0	0.0	0	5	1.3333333333333333	3	0	0	0.0	UnmarkedThenRandom	270	9138	0	9138	0	0	0	0
C1019	11890	6	0	1007	47	1050	344.8333333333333	0	0	0.0	0	4	1.3333333333333333	4	0	0	0.0	UnmarkedThenRandom	346	12163	0	12163	0	0	0	0
C1020	6456	6	0	494	228	438	324.3333333333333	0	0	0.0	0	9	1.8333333333333333	3	0	0	0.0	UnmarkedThenRandom	214	6411	0	6411	0	0	0	0
C1021	110387	6	0	12239	330	1752	688.1666666666666	0	0	0.0	0	5	2.6666666666666665	5	0	0	0.0	UnmarkedThenRandom	5496	108082	0	108082	0	0	0	0
C1022	76412	6	0	9179	144	3492	1100.5	0	0	0.0	0	9	2.5	5	0	0	0.0	UnmarkedThenRandom	3962	79435	0	79435	0	0	0	0
C1023	57817	6	0	7487	196	1021	537.1666666666666	0	0	0.0	1	7	3.0	6	0	0	0.0	UnmarkedThenRandom	1829	58559	0	58559	0	0	0	0
C1024	99999	6	0	10607	72	7063	2272.5	0	0	0.0	1	5	2.0	6	0	0	0.0	UnmarkedThenRandom	5389	101997	0	101997	0	0	0	0
C1025	40683	6	0	5039	47	3640	1005.1666666666666	0	0	0.0	0	11	3.1666666666666665	5	0	0	0.0	UnmarkedThenRandom	1860	39691	0	39691	0	0	0	0
C1026	45583	6	0	5471	265	1176	474.3333333333333	0	0	0.0	0	17	3.6666666666666665	5	0	0	0.0	UnmarkedThenRandom	1422	47140	0	47140	0	0	0	0
C1027	55669	6	0	5781	655	5806	1960.5	0	0	0.0	0	6	2.0	5	0	0	0.0	UnmarkedThenRandom	2805	53930	0	53930	0	0	0	0
C1028	105213	6	0	13529	105	1851	919.1666666666666	0	0	0.0	0	4	1.8333333333333333	5	0	0	0.0	UnmarkedThenRandom	6026	98681	0	98681	0	0	0	0
C1029	124055	6	0	10367	205	4300	2009.0	0	0	0.0	0	11	3.6666666666666665	4	0	0	0.0	UnmarkedThenRandom	7033	123817	0	123817	0	0	0	0
C1030	27743	6	0	3455	79	921	451.0	0	0	0.0	0	5	2.3333333333333335	4	0	0	0.0	UnmarkedThenRandom	938	27801	0	27801	0	0	0	0
C1031	348784	6	0	59199	120	6060	1591.1666666666667	0	0	0.0	0	17	6.5	5	0	0	0.0	UnmarkedThenRandom	93941	355507	0	355507	0	0	0	0
C1032	671359	6	0	95423	500	1624	918.8333333333334	0	0	0.0	0	11	4.5	5	0	0	0.0	UnmarkedThenRandom	388364	686778	0	686778	0	0	0	0
C1033	283110	6	0	44267	393	5820	1661.0	0	0	0.0	0	29	7.0	5	0	0	0.0	UnmarkedThenRandom	39780	273194	0	273194	0	0	0	0
C1034	55987	6	0	8975	0	1945	636.5	0	0	0.0	0	23	5.5	4	0	0	0.0	UnmarkedThenRandom	1940	53250	0	53250	0	0	0	0
C1035	449895	6	0	60527	760	7392	3362.3333333333335	0	0	0.0	0	11	4.333333333333333	5	0	0	0.0	UnmarkedThenRandom	106440	447550	0	447550	0	0	0	0
C1036	275073	6	0	26111	404	4728	2177.3333333333335	0	0	0.0	0	11	4.0	4	0	0	0.0	UnmarkedThenRandom	27382	278806	0	278806	0	0	0	0
C1037	307939	6	0	32831	1017	5972	3176.5	0	0	0.0	0	8	4.166666666666667	5	0	0	0.0	UnmarkedThenRandom	38230	307805	0	307805	0	0	0	0
C1038	668952	6	0	74303	312	9219	3210.1666666666665	0	0	0.0	1	9	4.666666666666667	6	0	0	0.0	UnmarkedThenRandom	234009	707666	0	707666	0	0	0	0
C1039	232991	6	0	33791	695	3510	1875.3333333333333	0	0	0.0	0	15	3.6666666666666665	4	0	0	0.0	UnmarkedThenRandom	26190	239683	0	239683	0	0	0	0
C1040	97843	6	0	15039	213	1606	850.5	0	0	0.0	0	9	2.8333333333333335	4	0	0	0.0	UnmarkedThenRandom	5799	100913	0	100913	0	0	0	0
C1041	1001	5	0	0	287	320	303.2	0	0	0.0	0	0	0.0	0	0	0	0.0	UnmarkedThenRandom	351	1001	0	1001	0	0	0	0
C1042	1001	5	0	0	278	313	295.4	0	0	0.0	0	0	0.0	0	0	0	0.0	UnmarkedThenRandom	357	1001	0	1001	0	0	0	0
C1043	1001	5	0	0	277	324	300.6	0	0	0.0	0	0	0.0	0	0	0	0.0	UnmarkedThenRandom	369	1001	0	1001	0	0	0	0
C1044	1001	5	0	0	287	316	302.2	0	0	0.0	0	0	0.0	0	0	0	0.0	UnmarkedThenRandom	351	1001	0	1001	0	0	0	0
C1045	1001	5	0	0	286	311	296.8	0	0	0.0	0	0	0.0	0	0	0	0.0	UnmarkedThenRandom	360	1001	0	1001	0	0	0	0
C1046	1001	5	0	0	282	312	299.4	0	0	0.0	0	0	0.0	0	0	0	0.0	UnmarkedThenRandom	356	1001	0	1001	0	0	0	0
C1047	1001	5	0	0	273	331	305.0	0	0	0.0	0	0	0.0	0	0	0	0.0	UnmarkedThenRandom	347	1001	0	1001	0	0	0	0
C1048	1001	5	0	0	293	308	301.4	0	0	0.0	0	0	0.0	0	0	0	0.0	UnmarkedThenRandom	358	1001	0	1001	0	0	0	0
C1049	1001	5	0	0	291	314	302.4	0	0	0.0	0	0	0.0	0	0	0	0.0	UnmarkedThenRandom	353	1001	0	1001	0	0	0	0
C1050	1001	5	0	0	293	312	301.2	0	0	0.0	0	0	0.0	0	0	0	0.0	UnmarkedThenRandom	350	1001	0	1001	0	0	0	0
C1095	1006	5	5	0	288	323	306.0	5	5	5.0	0	0	0.0	0	38	63	51.4	UnmarkedThenRandom	665	1013	0	1014	1	660	660	660.0
C1405	1006	5	5	0	267	323	296.8	5	5	5.0	0	0	0.0	0	37	69	49.32	UnmarkedThenRandom	683	1006	0	1007	1	490	490	490.0
C1415	1006	5	5	0	286	305	294.8	5	5	5.0	0	0	0.0	0	35	64	48.92	UnmarkedThenRandom	677	1005	0	1006	1	639	639	639.0
C1546	1006	5	5	0	287	310	296.0	5	5	5.0	0	0	0.0	0	40	64	49.84	UnmarkedThenRandom	692	1001	0	1001	0	0	0	0
C1578	1006	5	5	0	285	304	299.0	5	5	5.0	0	0	0.0	0	34	60	49.56	UnmarkedThenRandom	681	1017	0	1018	1	167	167	167.0
C1673	1006	5	5	0	272	324	302.2	5	5	5.0	0	0	0.0	0	40	65	50.48	UnmarkedThenRandom	705	1021	0	1022	1	162	162	162.0
C1775	1006	5	5	0	293	315	304.8	5	5	5.0	0	0	0.0	0	36	71	50.84	UnmarkedThenRandom	671	1014	0	1015	1	185	185	185.0
C1831	1006	5	5	0	275	312	297.4	5	5	5.0	0	0	0.0	0	38	60	49.48	UnmarkedThenRandom	691	1004	0	1005	1	312	312	312.0
C1897	1006	5	5	0	278	314	298.8	5	5	5.0	0	0	0.0	0	36	67	50.08	UnmarkedThenRandom	684	1005	0	1006	1	500	500	500.0
C1946	1006	5	5	0	290	322	300.4	5	5	5.0	0	0	0.0	0	37	60	51.2	UnmarkedThenRandom	677	1010	0	1011	1	500	500	500.0
C9414	211	5	10	0	53	69	59.4	10	10	10.0	0	0	0.0	0	2	10	5.28	UnmarkedThenRandom	22	201	0	201	0	0	0	0
C10166	211	5	10	0	52	70	60.2	10	10	10.0	0	0	0.0	0	2	11	5.46	UnmarkedThenRandom	22	208	0	209	1	100	100	100.0
C11289	1011	5	10	0	290	336	302.8	10	10	10.0	0	0	0.0	0	14	42	27.52	UnmarkedThenRandom	738	1010	0	1011	1	912	912	912.0
C15150	1011	5	10	0	289	323	299.6	10	10	10.0	0	0	0.0	0	19	46	27.26	UnmarkedThenRandom	721	1007	0	1008	1	914	914	914.0
C18406	1011	5	10	0	273	331	301.2	10	10	10.0	0	0	0.0	0	17	45	27.22	UnmarkedThenRandom	711	1005	0	1006	1	431	431	431.0
C23416	1011	5	10	0	264	328	297.0	10	10	10.0	0	0	0.0	0	14	45	26.92	UnmarkedThenRandom	719	1009	0	1010	1	169	169	169.0
C23519	1011	5	10	0	288	324	300.2	10	10	10.0	0	0	0.0	0	15	37	27.26	UnmarkedThenRandom	714	1016	0	1017	1	635	635	635.0
C30747	211	5	10	0	55	71	62.0	10	10	10.0	0	0	0.0	0	2	12	5.72	UnmarkedThenRandom	23	208	0	209	1	164	164	164.0
C36411	1011	5	10	0	293	315	302.2	10	10	10.0	0	0	0.0	0	17	40	27.46	UnmarkedThenRandom	707	1011	0	1012	1	354	354	354.0
C36505	1011	5	10	0	266	317	298.0	10	10	10.0	0	0	0.0	0	17	37	27.16	UnmarkedThenRandom	736	1030	0	1031	1	726	726	726.0
C37578	211	5	10	0	52	66	61.4	10	10	10.0	0	0	0.0	0	2	12	5.6	UnmarkedThenRandom	22	203	0	204	1	40	40	40.0
C37663	1011	5	10	0	254	322	303.0	10	10	10.0	0	0	0.0	0	16	35	27.58	UnmarkedThenRandom	754	1006	0	1007	1	626	626	626.0
C38336	1011	5	10	0	300	318	307.0	10	10	10.0	0	0	0.0	0	17	39	28.16	UnmarkedThenRandom	700	1003	0	1004	1	736	736	736.0
C46767	211	5	10	0	56	63	59.6	10	10	10.0	0	0	0.0	0	2	12	5.4	UnmarkedThenRandom	24	215	0	216	1	139	139	139.0
C46786	1011	5	10	0	292	316	301.0	10	10	10.0	0	0	0.0	0	18	41	27.6	UnmarkedThenRandom	718	1008	0	1009	1	353	353	353.0
C60285	211	5	10	0	55	64	60.6	10	10	10.0	0	0	0.0	0	1	14	5.54	UnmarkedThenRandom	21	206	0	207	1	138	138	138.0
C68691	211	5	10	0	48	68	60.2	10	10	10.0	0	0	0.0	0	1	10	5.24	UnmarkedThenRandom	21	201	0	201	0	0	0	0
C69205	211	5	10	0	58	68	62.0	10	10	10.0	0	0	0.0	0	2	11	5.72	UnmarkedThenRandom	22	205	0	206	1	66	66	66.0
C78320	211	5	10	0	51	67	59.8	10	10	10.0	0	0	0.0	0	0	10	5.6	UnmarkedThenRandom	25	213	0	214	1	90	90	90.0
C90372	211	5	10	0	49	71	62.4	10	10	10.0	0	0	0.0	0	2	10	5.68	UnmarkedThenRandom	21	203	0	204	1	25	25	25.0
C913478	216	5	15	0	53	84	65.4	15	15	15.0	0	0	0.0	0	0	11	4.04	UnmarkedThenRandom	23	207	0	208	1	166	166	166.0
C1120322	1016	5	15	0	281	319	301.4	15	15	15.0	0	0	0.0	0	11	29	18.706666666666667	UnmarkedThenRandom	716	1003	0	1004	1	61	61	61.0
C1306116	1016	5	15	0	298	309	303.0	15	15	15.0	0	0	0.0	0	9	26	18.786666666666665	UnmarkedThenRandom	718	1012	0	1013	1	315	315	315.0
C1775681	1016	5	15	0	271	322	298.8	15	15	15.0	0	0	0.0	0	10	27	18.666666666666668	UnmarkedThenRandom	726	1013	0	1014	1	640	640	640.0
C1871074	1016	5	15	0	279	323	306.4	15	15	15.0	0	0	0.0	0	10	31	19.373333333333335	UnmarkedThenRandom	719	1007	0	1008	1	242	242	242.0
C2187983	216	5	15	0	58	66	60.6	15	15	15.0	0	0	0.0	0	0	8	3.7733333333333334	UnmarkedThenRandom	24	201	0	201	0	0	0	0
C2287659	1016	5	15	0	285	311	299.4	15	15	15.0	0	0	0.0	0	9	27	18.76	UnmarkedThenRandom	722	1006	0	1007	1	177	177	177.0
C2985656	1016	5	15	0	293	318	303.6	15	15	15.0	0	0	0.0	0	10	29	18.866666666666667	UnmarkedThenRandom	704	1005	0	1006	1	932	932	932.0
C3929333	1016	5	15	0	266	339	301.8	15	15	15.0	0	0	0.0	0	7	32	18.613333333333333	UnmarkedThenRandom	708	1003	0	1004	1	788	788	788.0
C4926236	216	5	15	0	51	71	62.2	15	15	15.0	0	0	0.0	0	0	7	3.8133333333333335	UnmarkedThenRandom	24	208	0	209	1	112	112	112.0
C5431962	1016	5	15	0	265	323	297.8	15	15	15.0	0	0	0.0	0	8	28	18.613333333333333	UnmarkedThenRandom	724	1005	0	1006	1	755	755	755.0
C5570293	1016	5	15	0	288	316	299.4	15	15	15.0	0	0	0.0	0	12	27	18.773333333333333	UnmarkedThenRandom	783	1025	0	1026	1	126	126	126.0
C5909739	1016	5	15	0	281	312	301.4	15	15	15.0	0	0	0.0	0	12	31	19.026666666666667	UnmarkedThenRandom	737	1008	0	1009	1	253	253	253.0
C6425197	216	5	15	0	55	66	58.8	15	15	15.0	0	0	0.0	0	0	10	3.533333333333333	UnmarkedThenRandom	30	222	0	223	1	14	14	14.0
C6852353	216	5	15	0	49	78	59.6	15	15	15.0	0	0	0.0	0	0	11	3.7066666666666666	UnmarkedThenRandom	27	209	0	210	1	177	177	177.0
C8406660	216	5	15	0	52	62	56.8	15	15	15.0	0	0	0.0	0	0	9	3.5733333333333333	UnmarkedThenRandom	28	205	0	206	1	130	130	130.0
C8540650	216	5	15	0	49	69	58.2	15	15	15.0	0	0	0.0	0	1	8	3.6533333333333333	UnmarkedThenRandom	26	203	0	204	1	55	55	55.0
C8735382	216	5	15	0	50	70	59.4	15	15	15.0	0	0	0.0	0	0	10	3.6933333333333334	UnmarkedThenRandom	27	210	0	211	1	34	34	34.0
C8882277	216	5	15	0	56	66	60.2	15	15	15.0	0	0	0.0	0	0	8	3.72	UnmarkedThenRandom	29	235	0	236	1	127	127	127.0
C9712244	216	5	15	0	43	73	58.8	15	15	15.0	0	0	0.0	0	0	9	3.64	UnmarkedThenRandom	26	201	0	202	1	45	45	45.0
C9712245	269	5	0	1	53	84	65.0	0	0	0.0	0	1	0.2	1	0	0	0.0	UnmarkedThenRandom	15	273	0	273	0	0	0	0
C9712246	222	5	0	1	52	70	63.4	0	0	0.0	0	1	0.2	1	0	0	0.0	UnmarkedThenRandom	12	223	0	223	0	0	0	0
C9712247	262	5	0	1	58	91	66.0	0	0	0.0	0	1	0.2	1	0	0	0.0	UnmarkedThenRandom	13	262	0	262	0	0	0	0
C9712248	252	5	0	1	48	73	63.4	0	0	0.0	0	1	0.2	1	0	0	0.0	UnmarkedThenRandom	14	252	0	252	0	0	0	0
C9712249	223	5	0	1	55	64	59.2	0	0	0.0	0	1	0.2	1	0	0	0.0	UnmarkedThenRandom	15	220	0	220	0	0	0	0
C9712250	275	5	0	1	52	108	66.2	0	0	0.0	0	1	0.2	1	0	0	0.0	UnmarkedThenRandom	16	272	0	272	0	0	0	0
C9712251	223	5	0	1	53	68	60.8	0	0	0.0	0	1	0.2	1	0	0	0.0	UnmarkedThenRandom	13	224	0	224	0	0	0	0
C9712252	237	5	0	1	52	80	62.4	0	0	0.0	0	1	0.2	1	0	0	0.0	UnmarkedThenRandom	13	240	0	240	0	0	0	0
C9712253	214	5	0	1	51	73	61.6	0	0	0.0	0	1	0.2	1	0	0	0.0	UnmarkedThenRandom	13	214	0	214	0	0	0	0
C9712254	249	5	0	1	59	75	66.4	0	0	0.0	0	1	0.2	1	0	0	0.0	UnmarkedThenRandom	13	248	0	248	0	0	0	0
C9712300	219	5	5	1	57	69	63.6	5	5	5.0	0	0	0.0	0	4	23	10.8	UnmarkedThenRandom	23	220	0	222	2	2	146	74.0
C9712320	223	5	5	1	53	70	61.6	5	5	5.0	0	0	0.0	0	6	25	10.52	UnmarkedThenRandom	24	221	0	221	0	0	0	0
C9712379	225	5	5	1	56	71	59.8	5	5	5.0	0	0	0.0	0	6	17	9.84	UnmarkedThenRandom	26	239	0	241	2	64	124	94.0
C9712419	217	5	5	1	55	66	60.8	5	5	5.0	0	1	0.2	1	5	14	10.2	UnmarkedThenRandom	38	371	0	373	2	34	34	34.0
C9712495	218	5	5	1	57	67	61.8	5	5	5.0	0	0	0.0	0	5	21	11.12	UnmarkedThenRandom	26	229	0	230	1	159	159	159.0
C9712559	224	5	5	1	43	72	59.0	5	5	5.0	0	0	0.0	0	5	21	9.6	UnmarkedThenRandom	40	354	0	357	3	89	93	91.66666666666667
C9712572	227	5	5	1	56	70	62.8	5	5	5.0	0	1	0.2	1	6	15	9.68	UnmarkedThenRandom	21	220	0	220	0	0	0	0
C9712652	216	5	5	1	52	69	61.2	5	5	5.0	0	0	0.0	0	5	16	9.76	UnmarkedThenRandom	25	245	0	247	2	27	147	87.0
C9712689	228	5	5	1	56	71	60.6	5	5	5.0	0	1	0.2	1	5	15	9.52	UnmarkedThenRandom	35	342	0	344	2	101	101	101.0
C9712695	217	5	5	1	53	65	60.0	5	5	5.0	0	0	0.0	0	4	17	10.44	UnmarkedThenRandom	25	234	0	236	2	55	69	62.0
C9715112	223	5	10	1	54	77	64.6	10	10	10.0	0	0	0.0	0	1	14	5.84	UnmarkedThenRandom	29	274	0	276	2	58	58	58.0
C9717732	222	5	10	1	54	68	61.2	10	10	10.0	0	1	0.2	1	1	11	5.32	UnmarkedThenRandom	25	230	0	232	2	53	76	64.5
C9717866	221	5	10	1	48	73	60.2	10	10	10.0	0	0	0.0	0	1	19	5.48	UnmarkedThenRandom	28	229	0	231	2	26	176	101.0
C9723690	221	5	10	1	52	83	60.6	10	10	10.0	0	1	0.2	1	1	12	5.6	UnmarkedThenRandom	43	343	0	345	2	71	71	71.0
C9729774	220	5	10	1	51	70	60.8	10	10	10.0	0	0	0.0	0	1	12	5.42	UnmarkedThenRandom	28	220	0	222	2	40	60	50.0
C9730200	221	5	10	1	55	68	62.0	10	10	10.0	0	0	0.0	0	1	15	5.78	UnmarkedThenRandom	44	345	0	347	2	55	55	55.0
C9731008	224	5	10	1	52	73	60.6	10	10	10.0	0	0	0.0	0	0	12	5.44	UnmarkedThenRandom	40	316	0	318	1	257	257	257.0
C9732269	220	5	10	1	50	83	61.0	10	10	10.0	0	0	0.0	0	1	15	5.58	UnmarkedThenRandom	30	253	0	255	2	17	17	17.0
C9732364	224	5	10	1	52	68	59.2	10	10	10.0	0	0	0.0	0	1	15	5.32	UnmarkedThenRandom	40	307	0	309	2	59	59	59.0
C9733445	220	5	10	1	53	68	61.8	10	10	10.0	0	0	0.0	0	1	13	5.7	UnmarkedThenRandom	27	240	0	242	2	2	188	95.0
C9926755	227	5	15	1	50	64	58.8	15	15	15.0	0	0	0.0	0	1	12	3.7333333333333334	UnmarkedThenRandom	32	224	0	226	2	23	187	105.0
C9929279	226	5	15	1	53	69	60.8	15	15	15.0	0	0	0.0	0	0	12	3.9066666666666667	UnmarkedThenRandom	35	250	0	252	2	25	70	47.5
C10149177	226	5	15	1	56	72	60.0	15	15	15.0	0	0	0.0	0	1	13	3.9066666666666667	UnmarkedThenRandom	31	215	0	217	2	57	143	100.0
C10158257	228	5	15	1	55	67	59.6	15	15	15.0	0	0	0.0	0	0	14	3.76	UnmarkedThenRandom	32	228	0	230	2	26	138	82.0
C10446746	228	5	15	1	43	72	61.2	15	15	15.0	0	0	0.0	0	0	14	3.92	UnmarkedThenRandom	38	263	0	265	2	13	165	89.0
C10598570	229	5	15	1	52	68	61.6	15	15	15.0	0	0	0.0	0	0	9	3.933333333333333	UnmarkedThenRandom	31	243	0	245	2	36	167	101.5
C10645096	227	5	15	1	55	80	63.0	15	15	15.0	0	0	0.0	0	0	14	4.0	UnmarkedThenRandom	34	254	0	256	1	221	221	221.0
C10713607	227	5	15	1	51	71	62.6	15	15	15.0	0	0	0.0	0	1	13	3.986666666666667	UnmarkedThenRandom	31	230	0	232	2	51	109	80.0
C10741204	226	5	15	1	50	74	61.0	15	15	15.0	0	0	0.0	0	0	13	3.8933333333333335	UnmarkedThenRandom	44	328	0	330	2	96	96	96.0
C10862038	227	5	15	1	59	67	63.2	15	15	15.0	0	0	0.0	0	0	12	3.933333333333333	UnmarkedThenRandom	28	228	0	230	2	50	110	80.0
C10862039	292	5	0	2	52	98	65.2	0	0	0.0	0	2	0.4	1	0	0	0.0	UnmarkedThenRandom	18	292	0	292	0	0	0	0
C10862040	437	5	0	3	94	134	110.6	0	0	0.0	0	3	0.6	1	0	0	0.0	UnmarkedThenRandom	31	438	0	438	0	0	0	0
C10862041	286	5	0	2	56	74	65.6	0	0	0.0	0	1	0.2	1	0	0	0.0	UnmarkedThenRandom	16	286	0	286	0	0	0	0
C10862042	410	5	0	3	49	129	75.2	0	0	0.0	0	1	0.4	2	0	0	0.0	UnmarkedThenRandom	19	409	0	409	0	0	0	0
C10862043	358	5	0	3	72	107	88.0	0	0	0.0	0	1	0.4	2	0	0	0.0	UnmarkedThenRandom	21	349	0	349	0	0	0	0
C10862044	267	5	0	2	44	91	64.4	0	0	0.0	0	2	0.4	1	0	0	0.0	UnmarkedThenRandom	15	273	0	273	0	0	0	0
C10862045	261	5	0	2	55	86	64.0	0	0	0.0	0	2	0.4	1	0	0	0.0	UnmarkedThenRandom	16	256	0	256	0	0	0	0
C10862046	285	5	0	2	49	88	67.0	0	0	0.0	0	1	0.2	1	0	0	0.0	UnmarkedThenRandom	14	283	0	283	0	0	0	0
C10862047	269	5	0	2	48	82	64.4	0	0	0.0	0	1	0.2	1	0	0	0.0	UnmarkedThenRandom	14	268	0	268	0	0	0	0
C10862048	270	5	0	2	56	72	64.0	0	0	0.0	0	1	0.2	1	0	0	0.0	UnmarkedThenRandom	16	268	0	268	0	0	0	0
C10862051	235	5	5	2	59	72	65.8	5	5	5.0	0	0	0.0	0	6	19	11.12	UnmarkedThenRandom	37	334	0	337	2	102	117	109.5
C10862073	233	5	5	2	55	70	64.0	5	5	5.0	0	1	0.2	1	5	19	10.72	UnmarkedThenRandom	35	315	0	318	3	30	30	30.0
C10862075	230	5	5	2	54	71	60.8	5	5	5.0	0	0	0.0	0	4	21	10.36	UnmarkedThenRandom	38	314	0	316	2	70	70	70.0
C10862087	236	5	5	2	56	72	61.6	5	5	5.0	0	0	0.0	0	5	21	9.88	UnmarkedThenRandom	35	296	0	298	2	33	33	33.0
C10862100	233	5	5	2	54	70	61.4	5	5	5.0	0	1	0.2	1	5	21	10.16	UnmarkedThenRandom	48	439	0	443	4	74	83	79.5
C10862137	230	5	5	2	55	75	63.8	5	5	5.0	0	0	0.0	0	6	17	10.72	UnmarkedThenRandom	28	242	0	245	3	30	41	35.0
C10862201	239	5	5	2	55	73	62.6	5	5	5.0	0	1	0.2	1	3	21	9.8	UnmarkedThenRandom	32	278	0	280	2	34	34	34.0
C10862209	239	5	5	2	51	87	62.0	5	5	5.0	0	1	0.2	1	5	19	10.16	UnmarkedThenRandom	51	470	0	474	4	36	162	98.5
C10862223	231	5	5	2	55	76	64.8	5	5	5.0	0	1	0.2	1	4	18	10.6	UnmarkedThenRandom	30	291	0	292	1	105	105	105.0
C10862240	234	5	5	2	57	70	64.4	5	5	5.0	0	1	0.2	1	6	14	10.04	UnmarkedThenRandom	32	312	0	315	3	68	75	70.33333333333333
C10862919	240	5	10	2	56	77	66.2	10	10	10.0	0	0	0.0	0	1	15	5.98	UnmarkedThenRandom	37	315	0	316	1	156	156	156.0
C10863242	231	5	10	2	55	72	63.4	10	10	10.0	0	0	0.0	0	1	15	5.94	UnmarkedThenRandom	29	234	0	237	3	8	71	33.0
C10864483	235	5	10	2	51	79	63.4	10	10	10.0	0	1	0.2	1	2	21	5.78	UnmarkedThenRandom	52	438	0	441	3	98	98	98.0
C10865145	236	5	10	2	50	88	63.0	10	10	10.0	0	1	0.2	1	1	14	5.6	UnmarkedThenRandom	96	777	0	785	8	5	148	75.625
C10865432	236	5	10	2	58	69	63.2	10	10	10.0	0	0	0.0	0	1	14	6.06	UnmarkedThenRandom	52	258	0	261	3	40	96	64.66666666666667
C10867937	241	5	10	2	58	70	63.4	10	10	10.0	0	0	0.0	0	0	17	5.96	UnmarkedThenRandom	42	317	0	321	4	18	161	70.25
C10868000	235	5	10	2	55	68	61.6	10	10	10.0	0	0	0.0	0	1	14	5.76	UnmarkedThenRandom	32	250	0	253	3	3	175	69.33333333333333
C10868284	240	5	10	2	52	85	62.8	10	10	10.0	0	0	0.0	0	2	17	5.76	UnmarkedThenRandom	43	320	0	324	2	95	196	145.5
C10868355	233	5	10	2	50	79	61.8	10	10	10.0	0	0	0.0	0	1	16	5.76	UnmarkedThenRandom	30	232	0	234	2	20	35	27.5
C10868488	238	5	10	2	56	76	62.8	10	10	10.0	0	0	0.0	0	1	17	5.72	UnmarkedThenRandom	31	240	0	242	2	23	189	106.0
C10874140	236	5	15	2	57	71	65.8	15	15	15.0	0	0	0.0	0	0	12	4.173333333333333	UnmarkedThenRandom	34	250	0	252	2	77	148	112.5
C10886504	236	5	15	2	54	71	63.2	15	15	15.0	0	0	0.0	0	0	14	3.986666666666667	UnmarkedThenRandom	55	402	0	410	5	26	109	64.6
C10936388	239	5	15	2	50	75	62.2	15	15	15.0	0	0	0.0	0	0	18	3.84	UnmarkedThenRandom	34	242	0	245	3	39	112	75.0
C10986112	238	5	15	2	52	70	62.0	15	15	15.0	0	0	0.0	0	1	10	3.973333333333333	UnmarkedThenRandom	58	382	0	385	3	33	33	33.0
C11026434	243	5	15	2	57	78	66.4	15	15	15.0	0	0	0.0	0	0	18	4.12	UnmarkedThenRandom	63	470	0	477	5	54	108	76.8
C11121540	237	5	15	2	51	77	63.4	15	15	15.0	0	0	0.0	0	0	18	4.066666666666666	UnmarkedThenRandom	37	271	0	273	2	38	38	38.0
C11172949	234	5	15	2	55	75	63.2	15	15	15.0	0	0	0.0	0	0	9	3.933333333333333	UnmarkedThenRandom	33	236	0	239	3	4	129	70.33333333333333
C11176540	241	5	15	2	48	73	62.8	15	15	15.0	0	0	0.0	0	0	18	4.04	UnmarkedThenRandom	34	242	0	245	3	10	123	68.0
C11194297	235	5	15	2	58	73	64.2	15	15	15.0	0	1	0.2	1	0	16	3.986666666666667	UnmarkedThenRandom	41	277	0	280	3	10	30	23.333333333333332
C11235793	238	5	15	2	50	71	62.6	15	15	15.0	0	0	0.0	0	1	12	3.986666666666667	UnmarkedThenRandom	37	264	0	268	3	24	153	74.0
C11235794	342	5	0	4	53	112	72.6	0	0	0.0	0	2	0.4	1	0	0	0.0	UnmarkedThenRandom	21	337	0	337	0	0	0	0
C11235795	360	5	0	5	74	109	88.0	0	0	0.0	0	1	0.4	2	0	0	0.0	UnmarkedThenRandom	23	355	0	355	0	0	0	0
C11235796	454	5	0	5	81	158	110.4	0	0	0.0	0	5	1.0	1	0	0	0.0	UnmarkedThenRandom	32	455	0	455	0	0	0	0
C11235797	443	5	0	5	80	152	111.0	0	0	0.0	0	3	0.6	1	0	0	0.0	UnmarkedThenRandom	31	441	0	441	0	0	0	0
C11235798	294	5	0	3	51	94	69.6	0	0	0.0	0	1	0.2	1	0	0	0.0	UnmarkedThenRandom	15	295	0	295	0	0	0	0
C11235799	413	5	0	5	68	112	94.8	0	0	0.0	0	1	0.4	2	0	0	0.0	UnmarkedThenRandom	26	411	0	411	0	0	0	0
C11235800	292	5	0	3	54	88	65.8	0	0	0.0	0	2	0.4	1	0	0	0.0	UnmarkedThenRandom	17	292	0	292	0	0	0	0
C11235801	293	5	0	3	45	85	64.0	0	0	0.0	0	2	0.4	1	0	0	0.0	UnmarkedThenRandom	17	303	0	303	0	0	0	0
C11235802	298	5	0	3	57	102	71.6	0	0	0.0	0	3	0.6	1	0	0	0.0	UnmarkedThenRandom	15	291	0	291	0	0	0	0
C11235803	437	5	0	5	72	131	98.4	0	0	0.0	0	1	0.4	2	0	0	0.0	UnmarkedThenRandom	27	429	0	429	0	0	0	0
C11235813	246	5	5	3	52	78	67.6	5	5	5.0	0	1	0.2	1	3	19	10.92	UnmarkedThenRandom	64	568	0	573	5	39	212	73.6
C11235831	250	5	5	3	62	64	63.2	5	5	5.0	0	0	0.0	0	5	19	10.32	UnmarkedThenRandom	74	598	0	599	1	121	121	121.0
C11235834	252	5	5	3	58	70	63.6	5	5	5.0	0	1	0.2	1	3	22	10.48	UnmarkedThenRandom	56	494	0	499	5	68	123	84.4
C11235847	248	5	5	3	56	81	65.0	5	5	5.0	0	1	0.2	1	6	18	11.24	UnmarkedThenRandom	30	247	0	249	2	3	83	43.0
C11235882	281	5	5	4	58	107	73.4	5	5	5.0	0	0	0.0	0	6	51	12.68	UnmarkedThenRandom	60	438	0	440	1	388	388	388.0
C11235889	267	5	5	3	50	86	64.2	5	5	5.0	0	0	0.0	0	5	25	10.88	UnmarkedThenRandom	69	534	0	542	8	13	153	60.125
C11235897	238	5	5	3	47	79	62.4	5	5	5.0	0	1	0.2	1	4	17	10.48	UnmarkedThenRandom	35	286	0	287	1	229	229	229.0
C11235899	292	5	5	4	51	86	72.8	5	5	5.0	0	0	0.0	0	6	41	12.56	UnmarkedThenRandom	79	548	0	556	3	17	230	134.33333333333334
C11235901	254	5	5	3	57	69	62.2	5	5	5.0	0	1	0.2	1	6	23	10.24	UnmarkedThenRandom	99	749	0	761	12	9	76	47.166666666666664
C11235902	270	5	5	4	56	87	68.2	5	5	5.0	0	1	0.2	1	5	30	11.96	UnmarkedThenRandom	63	463	0	468	4	72	169	96.25
C11236089	249	5	10	3	53	76	61.6	10	10	10.0	0	0	0.0	0	1	16	5.82	UnmarkedThenRandom	42	284	0	288	3	36	176	82.66666666666667
C11236113	248	5	10	3	57	75	64.8	10	10	10.0	0	1	0.2	1	2	16	5.92	UnmarkedThenRandom	48	379	0	383	4	24	89	57.75
C11236204	247	5	10	3	56	81	63.2	10	10	10.0	0	0	0.0	0	1	15	5.8	UnmarkedThenRandom	47	341	0	346	4	2	228	80.25
C11236370	251	5	10	3	53	76	63.0	10	10	10.0	0	0	0.0	0	2	21	5.78	UnmarkedThenRandom	86	623	0	637	12	2	181	48.333333333333336
C11236527	249	5	10	3	56	72	64.0	10	10	10.0	0	0	0.0	0	1	16	5.96	UnmarkedThenRandom	43	316	0	321	3	15	206	83.66666666666667
C11236686	250	5	10	3	49	78	64.8	10	10	10.0	0	0	0.0	0	0	18	5.98	UnmarkedThenRandom	50	342	0	346	4	22	91	55.75
C11237945	249	5	10	3	52	72	65.4	10	10	10.0	0	0	0.0	0	0	18	5.96	UnmarkedThenRandom	42	290	0	295	5	2	92	53.0
C11238478	265	5	10	4	58	82	67.0	10	10	10.0	0	1	0.2	1	2	22	6.22	UnmarkedThenRandom	73	514	0	522	8	21	25	23.0
C11238511	246	5	10	3	52	73	62.0	10	10	10.0	0	0	0.0	0	1	15	5.58	UnmarkedThenRandom	83	572	0	578	6	19	135	78.0
C11238725	248	5	10	3	53	74	64.0	10	10	10.0	0	0	0.0	0	0	15	5.5	UnmarkedThenRandom	59	458	0	464	5	2	151	75.4
C11269707	249	5	15	3	53	87	64.6	15	15	15.0	0	0	0.0	0	0	12	4.12	UnmarkedThenRandom	46	320	0	325	3	47	121	87.66666666666667
C11270808	250	5	15	3	56	74	64.8	15	15	15.0	0	1	0.2	1	0	12	4.04	UnmarkedThenRandom	100	718	0	728	9	9	152	71.33333333333333
C11295162	244	5	15	3	56	66	62.0	15	15	15.0	0	1	0.2	1	0	14	3.88	UnmarkedThenRandom	64	429	0	429	0	0	0	0
C11295598	247	5	15	3	57	67	63.6	15	15	15.0	0	0	0.0	0	1	11	4.053333333333334	UnmarkedThenRandom	51	323	0	328	5	29	131	58.8
C11305751	248	5	15	3	58	73	65.0	15	15	15.0	0	0	0.0	0	0	14	4.013333333333334	UnmarkedThenRandom	54	380	0	381	1	266	266	266.0
C11320592	248	5	15	3	53	78	65.0	15	15	15.0	0	0	0.0	0	0	10	4.0	UnmarkedThenRandom	59	434	0	440	5	35	138	79.4
C11340216	254	5	15	3	60	76	64.0	15	15	15.0	0	0	0.0	0	0	14	4.08	UnmarkedThenRandom	65	449	0	458	6	3	136	71.0
C11356971	250	5	15	3	56	77	64.2	15	15	15.0	0	0	0.0	0	0	21	4.066666666666666	UnmarkedThenRandom	54	347	0	353	4	19	200	84.0
C11362345	245	5	15	3	62	82	67.4	15	15	15.0	0	0	0.0	0	0	20	4.226666666666667	UnmarkedThenRandom	46	334	0	338	1	264	264	264.0
C11362705	251	5	15	3	59	67	63.0	15	15	15.0	0	0	0.0	0	0	23	4.093333333333334	UnmarkedThenRandom	66	387	0	387	0	0	0	0
C11362706	564	5	0	7	95	154	113.8	0	0	0.0	0	3	0.6	1	0	0	0.0	UnmarkedThenRandom	44	567	0	567	0	0	0	0
C11362707	522	5	0	8	106	173	126.4	0	0	0.0	0	1	0.4	2	0	0	0.0	UnmarkedThenRandom	41	525	0	525	0	0	0	0
C11362708	262	5	0	4	50	90	65.4	0	0	0.0	0	2	0.4	1	0	0	0.0	UnmarkedThenRandom	16	261	0	261	0	0	0	0
C11362709	525	5	0	7	96	168	119.6	0	0	0.0	0	1	0.4	2	0	0	0.0	UnmarkedThenRandom	36	530	0	530	0	0	0	0
C11362710	436	5	0	7	78	131	99.4	0	0	0.0	0	1	0.4	2	0	0	0.0	UnmarkedThenRandom	32	434	0	434	0	0	0	0
C11362711	454	5	0	7	68	119	97.4	0	0	0.0	0	1	0.4	2	0	0	0.0	UnmarkedThenRandom	33	444	0	444	0	0	0	0
C11362712	555	5	0	7	98	160	114.0	0	0	0.0	0	2	0.6	2	0	0	0.0	UnmarkedThenRandom	37	553	0	553	0	0	0	0
C11362713	367	5	0	6	49	96	70.2	0	0	0.0	0	2	0.4	1	0	0	0.0	UnmarkedThenRandom	19	360	0	360	0	0	0	0
C11362714	536	5	0	9	85	142	114.2	0	0	0.0	0	1	0.4	2	0	0	0.0	UnmarkedThenRandom	30	554	0	554	0	0	0	0
C11362715	520	5	0	7	93	137	113.0	0	0	0.0	0	1	0.4	2	0	0	0.0	UnmarkedThenRandom	35	514	0	514	0	0	0	0
C11362716	259	5	5	4	50	74	64.6	5	5	5.0	0	0	0.0	0	6	24	11.36	UnmarkedThenRandom	56	429	0	435	5	3	127	75.4
C11362728	272	5	5	4	45	79	67.8	5	5	5.0	0	1	0.2	1	5	21	11.04	UnmarkedThenRandom	53	445	0	449	4	60	74	69.0
C11362729	264	5	5	4	52	73	65.8	5	5	5.0	0	1	0.2	1	5	19	10.52	UnmarkedThenRandom	66	518	0	524	6	27	108	74.16666666666667
C11362737	306	5	5	6	52	81	71.6	5	5	5.0	0	1	0.4	2	3	20	9.72	UnmarkedThenRandom	62	563	0	569	6	35	71	46.833333333333336
C11362741	295	5	5	5	58	86	73.8	5	5	5.0	0	1	0.2	1	5	36	12.44	UnmarkedThenRandom	146	958	0	968	7	15	189	123.14285714285714
C11362752	282	5	5	5	57	93	70.0	5	5	5.0	0	1	0.2	1	5	29	11.24	UnmarkedThenRandom	91	624	0	634	8	3	148	68.75
C11362759	282	5	5	6	57	84	72.6	5	5	5.0	0	0	0.0	0	4	30	12.0	UnmarkedThenRandom	56	424	0	431	3	10	272	113.66666666666667
C11362766	265	5	5	4	46	84	66.2	5	5	5.0	0	0	0.0	0	5	25	11.32	UnmarkedThenRandom	51	376	0	381	5	18	145	67.0
C11362769	264	5	5	4	56	78	65.4	5	5	5.0	0	0	0.0	0	6	26	11.76	UnmarkedThenRandom	80	560	0	570	8	12	100	61.375
C11362770	256	5	5	4	53	89	67.6	5	5	5.0	0	2	0.4	1	7	19	10.88	UnmarkedThenRandom	79	705	0	712	6	2	233	105.66666666666667
C11363123	258	5	10	4	53	78	65.0	10	10	10.0	0	0	0.0	0	2	16	5.84	UnmarkedThenRandom	57	416	0	421	5	21	78	44.2
C11363207	259	5	10	4	59	68	63.2	10	10	10.0	0	0	0.0	0	0	14	5.9	UnmarkedThenRandom	42	279	0	282	2	10	219	114.5
C11363405	254	5	10	4	51	87	68.2	10	10	10.0	0	0	0.0	0	1	15	6.14	UnmarkedThenRandom	47	367	0	373	3	55	156	114.33333333333333
C11363513	248	5	10	4	56	70	63.2	10	10	10.0	0	0	0.0	0	2	17	5.84	UnmarkedThenRandom	79	601	0	608	7	57	192	76.28571428571429
C11363565	259	5	10	4	51	83	65.0	10	10	10.0	0	0	0.0	0	2	18	6.08	UnmarkedThenRandom	47	347	0	352	5	37	165	64.8
C11363769	257	5	10	4	51	75	64.6	10	10	10.0	0	1	0.2	1	1	17	5.84	UnmarkedThenRandom	64	464	0	468	4	52	52	52.0
C11363871	279	5	10	5	52	87	68.6	10	10	10.0	0	1	0.2	1	0	20	6.18	UnmarkedThenRandom	85	619	0	627	2	221	260	240.5
C11363881	282	5	10	5	56	95	71.2	10	10	10.0	0	0	0.0	0	2	45	6.68	UnmarkedThenRandom	133	891	0	902	6	4	290	144.83333333333334
C11364045	258	5	10	4	50	80	68.6	10	10	10.0	0	1	0.2	1	0	19	5.82	UnmarkedThenRandom	77	642	0	646	4	113	114	113.5
C11364139	255	5	10	4	57	80	67.4	10	10	10.0	0	0	0.0	0	0	15	6.24	UnmarkedThenRandom	101	770	0	782	7	18	178	99.85714285714286
C11365604	264	5	15	4	49	79	64.0	15	15	15.0	0	0	0.0	0	0	14	4.066666666666666	UnmarkedThenRandom	73	458	0	467	7	18	68	40.57142857142857
C11381244	255	5	15	4	54	91	64.2	15	15	15.0	0	0	0.0	0	1	19	4.04	UnmarkedThenRandom	80	514	0	521	2	141	346	243.5
C11387360	259	5	15	4	54	86	66.2	15	15	15.0	0	0	0.0	0	1	15	4.213333333333333	UnmarkedThenRandom	55	364	0	369	5	9	56	27.0
C11393386	286	5	15	5	58	75	68.4	15	15	15.0	0	1	0.2	1	0	21	4.293333333333333	UnmarkedThenRandom	71	419	0	424	4	60	186	91.5
C11405359	254	5	15	4	56	80	66.4	15	15	15.0	0	0	0.0	0	0	14	4.2	UnmarkedThenRandom	121	824	0	837	9	2	187	89.55555555555556
C11421447	263	5	15	4	61	70	64.2	15	15	15.0	0	0	0.0	0	0	15	3.96	UnmarkedThenRandom	56	354	0	362	5	5	173	61.8
C11422335	259	5	15	4	50	77	63.2	15	15	15.0	0	0	0.0	0	0	12	4.08	UnmarkedThenRandom	50	310	0	314	3	32	196	88.33333333333333
C11429254	256	5	15	4	57	74	65.0	15	15	15.0	0	0	0.0	0	0	15	4.066666666666666	UnmarkedThenRandom	61	380	0	385	2	3	362	182.5
C11441074	261	5	15	4	58	75	66.4	15	15	15.0	0	0	0.0	0	0	14	4.1066666666666665	UnmarkedThenRandom	62	418	0	425	3	109	176	132.33333333333334
C11444018	253	5	15	4	55	75	66.2	15	15	15.0	0	1	0.2	1	0	15	4.066666666666666	UnmarkedThenRandom	90	632	0	639	6	13	166	96.83333333333333
C11444019	811	5	0	15	131	233	184.2	0	0	0.0	0	1	0.6	3	0	0	0.0	UnmarkedThenRandom	78	817	0	817	0	0	0	0
C11444020	441	5	0	9	75	115	101.8	0	0	0.0	0	1	0.4	2	0	0	0.0	UnmarkedThenRandom	30	447	0	447	0	0	0	0
C11444021	289	5	0	5	50	79	70.8	0	0	0.0	0	2	0.4	1	0	0	0.0	UnmarkedThenRandom	17	294	0	294	0	0	0	0
C11444022	537	5	0	9	94	205	125.2	0	0	0.0	0	5	1.0	1	0	0	0.0	UnmarkedThenRandom	36	532	0	532	0	0	0	0
C11444023	966	5	0	15	86	325	145.8	0	0	0.0	0	11	2.2	1	0	0	0.0	UnmarkedThenRandom	57	972	0	972	0	0	0	0
C11444024	636	5	0	11	108	160	135.8	0	0	0.0	0	1	0.4	2	0	0	0.0	UnmarkedThenRandom	50	636	0	636	0	0	0	0
C11444025	738	5	0	11	130	222	163.0	0	0	0.0	0	2	0.6	2	0	0	0.0	UnmarkedThenRandom	55	736	0	736	0	0	0	0
C11444026	342	5	0	7	55	98	71.8	0	0	0.0	0	1	0.2	1	0	0	0.0	UnmarkedThenRandom	20	350	0	350	0	0	0	0
C11444027	753	5	0	11	105	221	166.2	0	0	0.0	0	3	0.8	2	0	0	0.0	UnmarkedThenRandom	50	743	0	743	0	0	0	0
C11444028	330	5	0	5	54	116	71.4	0	0	0.0	0	2	0.4	1	0	0	0.0	UnmarkedThenRandom	18	330	0	330	0	0	0	0
C11444030	275	5	5	5	55	74	69.2	5	5	5.0	0	1	0.2	1	5	22	11.16	UnmarkedThenRandom	64	522	0	529	6	35	129	72.16666666666667
C11444033	279	5	5	5	58	77	67.0	5	5	5.0	0	0	0.0	0	6	22	11.64	UnmarkedThenRandom	57	399	0	404	4	42	59	47.0
C11444043	270	5	5	5	48	79	66.6	5	5	5.0	0	1	0.2	1	3	24	11.28	UnmarkedThenRandom	79	562	0	568	5	53	199	100.2
C11444046	286	5	5	5	55	100	72.4	5	5	5.0	0	0	0.0	0	5	28	12.16	UnmarkedThenRandom	73	573	0	585	12	3	106	44.0
C11444048	273	5	5	5	50	73	63.0	5	5	5.0	0	1	0.2	1	2	20	11.16	UnmarkedThenRandom	173	1200	0	1218	16	6	182	67.1875
C11444065	314	5	5	6	53	99	73.4	5	5	5.0	0	1	0.4	2	4	29	11.12	UnmarkedThenRandom	112	835	0	847	12	7	162	60.916666666666664
C11444075	320	5	5	6	66	93	79.2	5	5	5.0	0	0	0.0	0	4	40	14.12	UnmarkedThenRandom	89	556	0	561	5	43	107	65.4
C11444081	312	5	5	6	65	98	78.4	5	5	5.0	0	0	0.0	0	4	46	14.04	UnmarkedThenRandom	55	361	0	366	4	9	256	82.5
C11444093	277	5	5	5	54	75	67.4	5	5	5.0	0	1	0.2	1	6	24	11.32	UnmarkedThenRandom	89	647	0	654	7	12	145	71.14285714285714
C11444102	271	5	5	5	57	80	68.0	5	5	5.0	0	1	0.2	1	6	30	11.24	UnmarkedThenRandom	103	794	0	804	9	2	164	83.22222222222223
C11444182	277	5	10	5	63	79	68.0	10	10	10.0	0	1	0.2	1	1	17	6.18	UnmarkedThenRandom	66	478	0	488	7	5	128	62.714285714285715
C11444275	296	5	10	6	69	74	70.8	10	10	10.0	0	0	0.0	0	1	23	6.5	UnmarkedThenRandom	119	692	0	702	10	19	120	45.6
C11444349	270	5	10	5	62	79	67.0	10	10	10.0	0	0	0.0	0	1	14	5.96	UnmarkedThenRandom	49	348	0	354	4	63	112	78.75
C11444459	267	5	10	5	63	77	67.0	10	10	10.0	0	0	0.0	0	1	15	6.14	UnmarkedThenRandom	56	376	0	383	6	2	149	50.833333333333336
C11444525	275	5	10	5	54	76	66.6	10	10	10.0	0	1	0.2	1	1	17	6.16	UnmarkedThenRandom	157	1071	0	1089	15	7	188	69.06666666666666
C11444590	304	5	10	6	64	90	73.4	10	10	10.0	0	0	0.0	0	2	26	6.98	UnmarkedThenRandom	183	1180	0	1192	4	2	569	274.5
C11444735	270	5	10	5	49	99	67.2	10	10	10.0	0	0	0.0	0	0	20	6.04	UnmarkedThenRandom	98	683	0	697	13	20	156	50.53846153846154
C11444823	273	5	10	5	57	75	67.4	10	10	10.0	0	1	0.2	1	2	18	6.26	UnmarkedThenRandom	242	1669	0	1693	13	4	424	122.38461538461539
C11444853	269	5	10	5	62	75	70.2	10	10	10.0	0	0	0.0	0	1	18	6.68	UnmarkedThenRandom	124	872	0	887	11	2	184	77.45454545454545
C11444861	264	5	10	5	57	76	67.8	10	10	10.0	0	0	0.0	0	1	18	6.22	UnmarkedThenRandom	91	649	0	654	4	98	325	155.25
C11446281	275	5	15	5	64	74	68.0	15	15	15.0	0	1	0.2	1	1	14	4.1466666666666665	UnmarkedThenRandom	87	603	0	611	8	27	305	61.75
C11451584	270	5	15	5	50	87	67.0	15	15	15.0	0	1	0.2	1	0	19	4.1466666666666665	UnmarkedThenRandom	134	913	0	928	9	12	184	94.22222222222223
C11456016	274	5	15	5	56	77	67.8	15	15	15.0	0	1	0.2	1	0	13	4.2	UnmarkedThenRandom	164	1079	0	1098	19	2	137	51.0
C11456569	267	5	15	5	60	75	66.6	15	15	15.0	0	1	0.2	1	0	16	4.12	UnmarkedThenRandom	103	662	0	675	8	3	191	77.5
C11456846	266	5	15	5	59	77	66.6	15	15	15.0	0	0	0.0	0	0	15	4.1866666666666665	UnmarkedThenRandom	73	462	0	468	5	8	119	80.6
C11458034	269	5	15	5	53	81	66.4	15	15	15.0	0	0	0.0	0	1	19	4.226666666666667	UnmarkedThenRandom	96	589	0	599	9	17	86	46.666666666666664
C11458795	273	5	15	5	51	92	67.8	15	15	15.0	0	1	0.2	1	0	14	4.1066666666666665	UnmarkedThenRandom	118	784	0	787	3	189	330	237.66666666666666
C11461096	264	5	15	5	59	74	66.2	15	15	15.0	0	0	0.0	0	0	13	4.253333333333333	UnmarkedThenRandom	155	981	0	1004	16	2	169	60.75
C11464406	278	5	15	5	60	70	66.6	15	15	15.0	0	1	0.2	1	0	15	3.9466666666666668	UnmarkedThenRandom	75	495	0	498	3	4	328	119.66666666666667
C11466317	263	5	15	5	57	76	67.2	15	15	15.0	0	0	0.0	0	0	14	4.266666666666667	UnmarkedThenRandom	140	891	0	909	14	6	242	62.57142857142857
