id	numberOfActions	numberOfProcesses	numberOfProcedures	numberOfConditionals	minLengthOfProcesses	maxLengthOfProcesses	avgLengthOfProcesses	minNumberOfProceduresInProcesses	maxNumberOfProceduresInProcesses	avgNumberOfProceduresInProcesses	minNumberOfConditionalsInProcesses	maxNumberOfConditionalsInProcesses	avgNumberOfConditionalsInProcesses	numberOfProcessesWithConditionals	minProcedureLengthInProcesses	maxProcedureLengthInProcesses	avgProcedureLengthInProcesses	strategy	time(msec)	nodes	badLoops	mainLength	numOfProcedures	minProcedureLength	maxProcedureLength	avgProcedureLength
C1	51	6	0	0	8	17	12.666666666666666	0	0	0.0	0	0	0.0	0	0	0	0.0	InteractionsFirst	1	51	0	51	0	0	0	0
C2	51	6	0	0	6	15	11.333333333333334	0	0	0.0	0	0	0.0	0	0	0	0.0	InteractionsFirst	1	51	0	51	0	0	0	0
C3	51	6	0	0	10	15	12.5	0	0	0.0	0	0	0.0	0	0	0	0.0	InteractionsFirst	1	51	0	51	0	0	0	0
C4	51	6	0	0	4	16	11.666666666666666	0	0	0.0	0	0	0.0	0	0	0	0.0	InteractionsFirst	1	51	0	51	0	0	0	0
C5	51	6	0	0	11	16	13.166666666666666	0	0	0.0	0	0	0.0	0	0	0	0.0	InteractionsFirst	1	51	0	51	0	0	0	0
C6	51	6	0	0	9	15	12.666666666666666	0	0	0.0	0	0	0.0	0	0	0	0.0	InteractionsFirst	1	51	0	51	0	0	0	0
C7	51	6	0	0	7	18	12.5	0	0	0.0	0	0	0.0	0	0	0	0.0	InteractionsFirst	1	51	0	51	0	0	0	0
C8	51	6	0	0	6	17	13.833333333333334	0	0	0.0	0	0	0.0	0	0	0	0.0	InteractionsFirst	1	51	0	51	0	0	0	0
C9	51	6	0	0	8	18	12.166666666666666	0	0	0.0	0	0	0.0	0	0	0	0.0	InteractionsFirst	1	51	0	51	0	0	0	0
C10	51	6	0	0	10	14	11.833333333333334	0	0	0.0	0	0	0.0	0	0	0	0.0	InteractionsFirst	0	51	0	51	0	0	0	0
C11	101	6	0	0	16	30	24.333333333333332	0	0	0.0	0	0	0.0	0	0	0	0.0	InteractionsFirst	3	101	0	101	0	0	0	0
C12	101	6	0	0	17	28	23.833333333333332	0	0	0.0	0	0	0.0	0	0	0	0.0	InteractionsFirst	3	101	0	101	0	0	0	0
C13	101	6	0	0	20	30	26.0	0	0	0.0	0	0	0.0	0	0	0	0.0	InteractionsFirst	3	101	0	101	0	0	0	0
C14	101	6	0	0	17	32	26.0	0	0	0.0	0	0	0.0	0	0	0	0.0	InteractionsFirst	3	101	0	101	0	0	0	0
C15	101	6	0	0	20	29	24.333333333333332	0	0	0.0	0	0	0.0	0	0	0	0.0	InteractionsFirst	3	101	0	101	0	0	0	0
C16	101	6	0	0	22	30	25.666666666666668	0	0	0.0	0	0	0.0	0	0	0	0.0	InteractionsFirst	3	101	0	101	0	0	0	0
C17	101	6	0	0	14	32	24.5	0	0	0.0	0	0	0.0	0	0	0	0.0	InteractionsFirst	3	101	0	101	0	0	0	0
C18	101	6	0	0	18	33	25.166666666666668	0	0	0.0	0	0	0.0	0	0	0	0.0	InteractionsFirst	4	101	0	101	0	0	0	0
C19	101	6	0	0	20	28	25.666666666666668	0	0	0.0	0	0	0.0	0	0	0	0.0	InteractionsFirst	3	101	0	101	0	0	0	0
C20	101	6	0	0	19	27	24.833333333333332	0	0	0.0	0	0	0.0	0	0	0	0.0	InteractionsFirst	3	101	0	101	0	0	0	0
C21	151	6	0	0	30	41	36.5	0	0	0.0	0	0	0.0	0	0	0	0.0	InteractionsFirst	7	151	0	151	0	0	0	0
C22	151	6	0	0	26	43	37.666666666666664	0	0	0.0	0	0	0.0	0	0	0	0.0	InteractionsFirst	6	151	0	151	0	0	0	0
C23	151	6	0	0	28	45	38.666666666666664	0	0	0.0	0	0	0.0	0	0	0	0.0	InteractionsFirst	9	151	0	151	0	0	0	0
C24	151	6	0	0	33	43	38.0	0	0	0.0	0	0	0.0	0	0	0	0.0	InteractionsFirst	22	151	0	151	0	0	0	0
C25	151	6	0	0	34	41	36.833333333333336	0	0	0.0	0	0	0.0	0	0	0	0.0	InteractionsFirst	9	151	0	151	0	0	0	0
C26	151	6	0	0	33	42	37.333333333333336	0	0	0.0	0	0	0.0	0	0	0	0.0	InteractionsFirst	8	151	0	151	0	0	0	0
C27	151	6	0	0	29	43	37.5	0	0	0.0	0	0	0.0	0	0	0	0.0	InteractionsFirst	7	151	0	151	0	0	0	0
C28	151	6	0	0	30	49	39.0	0	0	0.0	0	0	0.0	0	0	0	0.0	InteractionsFirst	7	151	0	151	0	0	0	0
C29	151	6	0	0	31	45	36.666666666666664	0	0	0.0	0	0	0.0	0	0	0	0.0	InteractionsFirst	7	151	0	151	0	0	0	0
C30	151	6	0	0	33	42	37.0	0	0	0.0	0	0	0.0	0	0	0	0.0	InteractionsFirst	8	151	0	151	0	0	0	0
C31	201	6	0	0	35	57	47.833333333333336	0	0	0.0	0	0	0.0	0	0	0	0.0	InteractionsFirst	12	201	0	201	0	0	0	0
C32	201	6	0	0	40	63	51.666666666666664	0	0	0.0	0	0	0.0	0	0	0	0.0	InteractionsFirst	12	201	0	201	0	0	0	0
C33	201	6	0	0	41	57	50.833333333333336	0	0	0.0	0	0	0.0	0	0	0	0.0	InteractionsFirst	11	201	0	201	0	0	0	0
C34	201	6	0	0	47	53	49.666666666666664	0	0	0.0	0	0	0.0	0	0	0	0.0	InteractionsFirst	11	201	0	201	0	0	0	0
C35	201	6	0	0	46	55	51.333333333333336	0	0	0.0	0	0	0.0	0	0	0	0.0	InteractionsFirst	11	201	0	201	0	0	0	0
C36	201	6	0	0	42	59	50.833333333333336	0	0	0.0	0	0	0.0	0	0	0	0.0	InteractionsFirst	11	201	0	201	0	0	0	0
C37	201	6	0	0	45	57	50.333333333333336	0	0	0.0	0	0	0.0	0	0	0	0.0	InteractionsFirst	11	201	0	201	0	0	0	0
C38	201	6	0	0	37	57	48.166666666666664	0	0	0.0	0	0	0.0	0	0	0	0.0	InteractionsFirst	12	201	0	201	0	0	0	0
C39	201	6	0	0	45	57	49.5	0	0	0.0	0	0	0.0	0	0	0	0.0	InteractionsFirst	12	201	0	201	0	0	0	0
C40	201	6	0	0	44	53	49.166666666666664	0	0	0.0	0	0	0.0	0	0	0	0.0	InteractionsFirst	12	201	0	201	0	0	0	0
C41	251	6	0	0	43	76	61.333333333333336	0	0	0.0	0	0	0.0	0	0	0	0.0	InteractionsFirst	19	251	0	251	0	0	0	0
C42	251	6	0	0	52	71	62.833333333333336	0	0	0.0	0	0	0.0	0	0	0	0.0	InteractionsFirst	19	251	0	251	0	0	0	0
C43	251	6	0	0	52	73	64.0	0	0	0.0	0	0	0.0	0	0	0	0.0	InteractionsFirst	17	251	0	251	0	0	0	0
C44	251	6	0	0	54	71	62.5	0	0	0.0	0	0	0.0	0	0	0	0.0	InteractionsFirst	18	251	0	251	0	0	0	0
C45	251	6	0	0	59	67	63.333333333333336	0	0	0.0	0	0	0.0	0	0	0	0.0	InteractionsFirst	18	251	0	251	0	0	0	0
C46	251	6	0	0	50	74	62.833333333333336	0	0	0.0	0	0	0.0	0	0	0	0.0	InteractionsFirst	18	251	0	251	0	0	0	0
C47	251	6	0	0	54	69	61.166666666666664	0	0	0.0	0	0	0.0	0	0	0	0.0	InteractionsFirst	19	251	0	251	0	0	0	0
C48	251	6	0	0	56	66	61.333333333333336	0	0	0.0	0	0	0.0	0	0	0	0.0	InteractionsFirst	21	251	0	251	0	0	0	0
C49	251	6	0	0	51	80	63.166666666666664	0	0	0.0	0	0	0.0	0	0	0	0.0	InteractionsFirst	21	251	0	251	0	0	0	0
C50	251	6	0	0	50	77	61.666666666666664	0	0	0.0	0	0	0.0	0	0	0	0.0	InteractionsFirst	19	251	0	251	0	0	0	0
C51	301	6	0	0	51	84	73.33333333333333	0	0	0.0	0	0	0.0	0	0	0	0.0	InteractionsFirst	31	301	0	301	0	0	0	0
C52	301	6	0	0	67	85	76.0	0	0	0.0	0	0	0.0	0	0	0	0.0	InteractionsFirst	29	301	0	301	0	0	0	0
C53	301	6	0	0	67	84	74.16666666666667	0	0	0.0	0	0	0.0	0	0	0	0.0	InteractionsFirst	28	301	0	301	0	0	0	0
C54	301	6	0	0	63	91	76.83333333333333	0	0	0.0	0	0	0.0	0	0	0	0.0	InteractionsFirst	27	301	0	301	0	0	0	0
C55	301	6	0	0	63	84	74.33333333333333	0	0	0.0	0	0	0.0	0	0	0	0.0	InteractionsFirst	28	301	0	301	0	0	0	0
C56	301	6	0	0	66	82	74.66666666666667	0	0	0.0	0	0	0.0	0	0	0	0.0	InteractionsFirst	27	301	0	301	0	0	0	0
C57	301	6	0	0	61	85	75.16666666666667	0	0	0.0	0	0	0.0	0	0	0	0.0	InteractionsFirst	26	301	0	301	0	0	0	0
C58	301	6	0	0	68	77	73.0	0	0	0.0	0	0	0.0	0	0	0	0.0	InteractionsFirst	27	301	0	301	0	0	0	0
C59	301	6	0	0	67	94	75.0	0	0	0.0	0	0	0.0	0	0	0	0.0	InteractionsFirst	26	301	0	301	0	0	0	0
C60	301	6	0	0	68	79	73.83333333333333	0	0	0.0	0	0	0.0	0	0	0	0.0	InteractionsFirst	33	301	0	301	0	0	0	0
C61	351	6	0	0	67	100	86.0	0	0	0.0	0	0	0.0	0	0	0	0.0	InteractionsFirst	40	351	0	351	0	0	0	0
C62	351	6	0	0	69	97	87.0	0	0	0.0	0	0	0.0	0	0	0	0.0	InteractionsFirst	39	351	0	351	0	0	0	0
C63	351	6	0	0	83	97	88.16666666666667	0	0	0.0	0	0	0.0	0	0	0	0.0	InteractionsFirst	40	351	0	351	0	0	0	0
C64	351	6	0	0	83	94	89.16666666666667	0	0	0.0	0	0	0.0	0	0	0	0.0	InteractionsFirst	40	351	0	351	0	0	0	0
C65	351	6	0	0	77	95	85.83333333333333	0	0	0.0	0	0	0.0	0	0	0	0.0	InteractionsFirst	41	351	0	351	0	0	0	0
C66	351	6	0	0	78	97	87.66666666666667	0	0	0.0	0	0	0.0	0	0	0	0.0	InteractionsFirst	38	351	0	351	0	0	0	0
C67	351	6	0	0	72	94	87.33333333333333	0	0	0.0	0	0	0.0	0	0	0	0.0	InteractionsFirst	39	351	0	351	0	0	0	0
C68	351	6	0	0	81	98	90.0	0	0	0.0	0	0	0.0	0	0	0	0.0	InteractionsFirst	37	351	0	351	0	0	0	0
C69	351	6	0	0	81	95	85.83333333333333	0	0	0.0	0	0	0.0	0	0	0	0.0	InteractionsFirst	43	351	0	351	0	0	0	0
C70	351	6	0	0	75	100	88.0	0	0	0.0	0	0	0.0	0	0	0	0.0	InteractionsFirst	38	351	0	351	0	0	0	0
C71	401	6	0	0	86	117	100.0	0	0	0.0	0	0	0.0	0	0	0	0.0	InteractionsFirst	51	401	0	401	0	0	0	0
C72	401	6	0	0	87	115	101.0	0	0	0.0	0	0	0.0	0	0	0	0.0	InteractionsFirst	51	401	0	401	0	0	0	0
C73	401	6	0	0	84	119	102.33333333333333	0	0	0.0	0	0	0.0	0	0	0	0.0	InteractionsFirst	51	401	0	401	0	0	0	0
C74	401	6	0	0	80	118	98.0	0	0	0.0	0	0	0.0	0	0	0	0.0	InteractionsFirst	55	401	0	401	0	0	0	0
C75	401	6	0	0	92	108	98.83333333333333	0	0	0.0	0	0	0.0	0	0	0	0.0	InteractionsFirst	54	401	0	401	0	0	0	0
C76	401	6	0	0	79	116	99.83333333333333	0	0	0.0	0	0	0.0	0	0	0	0.0	InteractionsFirst	51	401	0	401	0	0	0	0
C77	401	6	0	0	94	117	102.16666666666667	0	0	0.0	0	0	0.0	0	0	0	0.0	InteractionsFirst	49	401	0	401	0	0	0	0
C78	401	6	0	0	88	107	96.5	0	0	0.0	0	0	0.0	0	0	0	0.0	InteractionsFirst	56	401	0	401	0	0	0	0
C79	401	6	0	0	92	111	101.5	0	0	0.0	0	0	0.0	0	0	0	0.0	InteractionsFirst	51	401	0	401	0	0	0	0
C80	401	6	0	0	83	109	98.16666666666667	0	0	0.0	0	0	0.0	0	0	0	0.0	InteractionsFirst	56	401	0	401	0	0	0	0
C81	451	6	0	0	103	134	113.16666666666667	0	0	0.0	0	0	0.0	0	0	0	0.0	InteractionsFirst	67	451	0	451	0	0	0	0
C82	451	6	0	0	99	120	113.16666666666667	0	0	0.0	0	0	0.0	0	0	0	0.0	InteractionsFirst	66	451	0	451	0	0	0	0
C83	451	6	0	0	99	127	114.16666666666667	0	0	0.0	0	0	0.0	0	0	0	0.0	InteractionsFirst	71	451	0	451	0	0	0	0
C84	451	6	0	0	99	119	110.5	0	0	0.0	0	0	0.0	0	0	0	0.0	InteractionsFirst	68	451	0	451	0	0	0	0
C85	451	6	0	0	99	125	112.83333333333333	0	0	0.0	0	0	0.0	0	0	0	0.0	InteractionsFirst	66	451	0	451	0	0	0	0
C86	451	6	0	0	99	131	113.0	0	0	0.0	0	0	0.0	0	0	0	0.0	InteractionsFirst	65	451	0	451	0	0	0	0
C87	451	6	0	0	101	123	110.5	0	0	0.0	0	0	0.0	0	0	0	0.0	InteractionsFirst	69	451	0	451	0	0	0	0
C88	451	6	0	0	101	127	114.0	0	0	0.0	0	0	0.0	0	0	0	0.0	InteractionsFirst	65	451	0	451	0	0	0	0
C89	451	6	0	0	94	121	112.0	0	0	0.0	0	0	0.0	0	0	0	0.0	InteractionsFirst	67	451	0	451	0	0	0	0
C90	451	6	0	0	104	133	114.66666666666667	0	0	0.0	0	0	0.0	0	0	0	0.0	InteractionsFirst	65	451	0	451	0	0	0	0
C91	501	6	0	0	117	139	124.5	0	0	0.0	0	0	0.0	0	0	0	0.0	InteractionsFirst	84	501	0	501	0	0	0	0
C92	501	6	0	0	116	135	126.0	0	0	0.0	0	0	0.0	0	0	0	0.0	InteractionsFirst	84	501	0	501	0	0	0	0
C93	501	6	0	0	107	135	126.16666666666667	0	0	0.0	0	0	0.0	0	0	0	0.0	InteractionsFirst	85	501	0	501	0	0	0	0
C94	501	6	0	0	114	133	123.5	0	0	0.0	0	0	0.0	0	0	0	0.0	InteractionsFirst	87	501	0	501	0	0	0	0
C95	501	6	0	0	98	138	123.0	0	0	0.0	0	0	0.0	0	0	0	0.0	InteractionsFirst	91	501	0	501	0	0	0	0
C96	501	6	0	0	117	133	126.16666666666667	0	0	0.0	0	0	0.0	0	0	0	0.0	InteractionsFirst	84	501	0	501	0	0	0	0
C97	501	6	0	0	110	139	124.16666666666667	0	0	0.0	0	0	0.0	0	0	0	0.0	InteractionsFirst	89	501	0	501	0	0	0	0
C98	501	6	0	0	106	132	123.0	0	0	0.0	0	0	0.0	0	0	0	0.0	InteractionsFirst	86	501	0	501	0	0	0	0
C99	501	6	0	0	115	144	126.5	0	0	0.0	0	0	0.0	0	0	0	0.0	InteractionsFirst	84	501	0	501	0	0	0	0
C100	501	6	0	0	114	140	126.5	0	0	0.0	0	0	0.0	0	0	0	0.0	InteractionsFirst	82	501	0	501	0	0	0	0
C101	551	6	0	0	126	160	136.83333333333334	0	0	0.0	0	0	0.0	0	0	0	0.0	InteractionsFirst	103	551	0	551	0	0	0	0
C102	551	6	0	0	123	152	137.0	0	0	0.0	0	0	0.0	0	0	0	0.0	InteractionsFirst	102	551	0	551	0	0	0	0
C103	551	6	0	0	119	149	134.83333333333334	0	0	0.0	0	0	0.0	0	0	0	0.0	InteractionsFirst	107	551	0	551	0	0	0	0
C104	551	6	0	0	123	151	138.0	0	0	0.0	0	0	0.0	0	0	0	0.0	InteractionsFirst	102	551	0	551	0	0	0	0
C105	551	6	0	0	130	152	139.0	0	0	0.0	0	0	0.0	0	0	0	0.0	InteractionsFirst	100	551	0	551	0	0	0	0
C106	551	6	0	0	120	154	135.0	0	0	0.0	0	0	0.0	0	0	0	0.0	InteractionsFirst	103	551	0	551	0	0	0	0
C107	551	6	0	0	127	149	140.0	0	0	0.0	0	0	0.0	0	0	0	0.0	InteractionsFirst	100	551	0	551	0	0	0	0
C108	551	6	0	0	134	150	140.16666666666666	0	0	0.0	0	0	0.0	0	0	0	0.0	InteractionsFirst	99	551	0	551	0	0	0	0
C109	551	6	0	0	128	150	137.83333333333334	0	0	0.0	0	0	0.0	0	0	0	0.0	InteractionsFirst	105	551	0	551	0	0	0	0
C110	551	6	0	0	123	153	139.33333333333334	0	0	0.0	0	0	0.0	0	0	0	0.0	InteractionsFirst	100	551	0	551	0	0	0	0
C111	601	6	0	0	138	169	149.66666666666666	0	0	0.0	0	0	0.0	0	0	0	0.0	InteractionsFirst	120	601	0	601	0	0	0	0
C112	601	6	0	0	138	168	152.0	0	0	0.0	0	0	0.0	0	0	0	0.0	InteractionsFirst	123	601	0	601	0	0	0	0
C113	601	6	0	0	131	161	148.66666666666666	0	0	0.0	0	0	0.0	0	0	0	0.0	InteractionsFirst	122	601	0	601	0	0	0	0
C114	601	6	0	0	130	160	150.16666666666666	0	0	0.0	0	0	0.0	0	0	0	0.0	InteractionsFirst	121	601	0	601	0	0	0	0
C115	601	6	0	0	143	167	151.16666666666666	0	0	0.0	0	0	0.0	0	0	0	0.0	InteractionsFirst	120	601	0	601	0	0	0	0
C116	601	6	0	0	131	166	150.5	0	0	0.0	0	0	0.0	0	0	0	0.0	InteractionsFirst	124	601	0	601	0	0	0	0
C117	601	6	0	0	140	161	151.33333333333334	0	0	0.0	0	0	0.0	0	0	0	0.0	InteractionsFirst	118	601	0	601	0	0	0	0
C118	601	6	0	0	133	168	151.66666666666666	0	0	0.0	0	0	0.0	0	0	0	0.0	InteractionsFirst	121	601	0	601	0	0	0	0
C119	601	6	0	0	140	163	151.5	0	0	0.0	0	0	0.0	0	0	0	0.0	InteractionsFirst	121	601	0	601	0	0	0	0
C120	601	6	0	0	139	156	150.0	0	0	0.0	0	0	0.0	0	0	0	0.0	InteractionsFirst	122	601	0	601	0	0	0	0
C121	651	6	0	0	152	186	163.16666666666666	0	0	0.0	0	0	0.0	0	0	0	0.0	InteractionsFirst	141	651	0	651	0	0	0	0
C122	651	6	0	0	152	178	163.5	0	0	0.0	0	0	0.0	0	0	0	0.0	InteractionsFirst	143	651	0	651	0	0	0	0
C123	651	6	0	0	143	176	159.16666666666666	0	0	0.0	0	0	0.0	0	0	0	0.0	InteractionsFirst	147	651	0	651	0	0	0	0
C124	651	6	0	0	132	180	161.0	0	0	0.0	0	0	0.0	0	0	0	0.0	InteractionsFirst	151	651	0	651	0	0	0	0
C125	651	6	0	0	148	181	160.16666666666666	0	0	0.0	0	0	0.0	0	0	0	0.0	InteractionsFirst	146	651	0	651	0	0	0	0
C126	651	6	0	0	157	172	164.16666666666666	0	0	0.0	0	0	0.0	0	0	0	0.0	InteractionsFirst	143	651	0	651	0	0	0	0
C127	651	6	0	0	153	186	166.0	0	0	0.0	0	0	0.0	0	0	0	0.0	InteractionsFirst	142	651	0	651	0	0	0	0
C128	651	6	0	0	150	177	163.66666666666666	0	0	0.0	0	0	0.0	0	0	0	0.0	InteractionsFirst	142	651	0	651	0	0	0	0
C129	651	6	0	0	154	174	162.66666666666666	0	0	0.0	0	0	0.0	0	0	0	0.0	InteractionsFirst	143	651	0	651	0	0	0	0
C130	651	6	0	0	141	180	161.16666666666666	0	0	0.0	0	0	0.0	0	0	0	0.0	InteractionsFirst	145	651	0	651	0	0	0	0
C131	701	6	0	0	165	196	175.33333333333334	0	0	0.0	0	0	0.0	0	0	0	0.0	InteractionsFirst	174	701	0	701	0	0	0	0
C132	701	6	0	0	157	195	177.5	0	0	0.0	0	0	0.0	0	0	0	0.0	InteractionsFirst	166	701	0	701	0	0	0	0
C133	701	6	0	0	153	190	173.0	0	0	0.0	0	0	0.0	0	0	0	0.0	InteractionsFirst	174	701	0	701	0	0	0	0
C134	701	6	0	0	166	198	175.5	0	0	0.0	0	0	0.0	0	0	0	0.0	InteractionsFirst	169	701	0	701	0	0	0	0
C135	701	6	0	0	159	196	173.33333333333334	0	0	0.0	0	0	0.0	0	0	0	0.0	InteractionsFirst	177	701	0	701	0	0	0	0
C136	701	6	0	0	166	186	175.16666666666666	0	0	0.0	0	0	0.0	0	0	0	0.0	InteractionsFirst	208	701	0	701	0	0	0	0
C137	701	6	0	0	162	194	176.0	0	0	0.0	0	0	0.0	0	0	0	0.0	InteractionsFirst	200	701	0	701	0	0	0	0
C138	701	6	0	0	159	190	175.33333333333334	0	0	0.0	0	0	0.0	0	0	0	0.0	InteractionsFirst	176	701	0	701	0	0	0	0
C139	701	6	0	0	164	182	173.5	0	0	0.0	0	0	0.0	0	0	0	0.0	InteractionsFirst	178	701	0	701	0	0	0	0
C140	701	6	0	0	155	201	175.0	0	0	0.0	0	0	0.0	0	0	0	0.0	InteractionsFirst	177	701	0	701	0	0	0	0
C141	751	6	0	0	178	212	188.0	0	0	0.0	0	0	0.0	0	0	0	0.0	InteractionsFirst	210	751	0	751	0	0	0	0
C142	751	6	0	0	163	200	189.5	0	0	0.0	0	0	0.0	0	0	0	0.0	InteractionsFirst	193	751	0	751	0	0	0	0
C143	751	6	0	0	171	204	187.16666666666666	0	0	0.0	0	0	0.0	0	0	0	0.0	InteractionsFirst	193	751	0	751	0	0	0	0
C144	751	6	0	0	176	204	187.33333333333334	0	0	0.0	0	0	0.0	0	0	0	0.0	InteractionsFirst	192	751	0	751	0	0	0	0
C145	751	6	0	0	176	206	187.5	0	0	0.0	0	0	0.0	0	0	0	0.0	InteractionsFirst	192	751	0	751	0	0	0	0
C146	751	6	0	0	177	199	190.0	0	0	0.0	0	0	0.0	0	0	0	0.0	InteractionsFirst	190	751	0	751	0	0	0	0
C147	751	6	0	0	172	200	189.16666666666666	0	0	0.0	0	0	0.0	0	0	0	0.0	InteractionsFirst	192	751	0	751	0	0	0	0
C148	751	6	0	0	183	199	189.16666666666666	0	0	0.0	0	0	0.0	0	0	0	0.0	InteractionsFirst	193	751	0	751	0	0	0	0
C149	751	6	0	0	167	208	188.5	0	0	0.0	0	0	0.0	0	0	0	0.0	InteractionsFirst	190	751	0	751	0	0	0	0
C150	751	6	0	0	180	208	188.83333333333334	0	0	0.0	0	0	0.0	0	0	0	0.0	InteractionsFirst	191	751	0	751	0	0	0	0
C151	801	6	0	0	185	230	200.66666666666666	0	0	0.0	0	0	0.0	0	0	0	0.0	InteractionsFirst	221	801	0	801	0	0	0	0
C152	801	6	0	0	168	219	199.16666666666666	0	0	0.0	0	0	0.0	0	0	0	0.0	InteractionsFirst	224	801	0	801	0	0	0	0
C153	801	6	0	0	171	214	199.33333333333334	0	0	0.0	0	0	0.0	0	0	0	0.0	InteractionsFirst	221	801	0	801	0	0	0	0
C154	801	6	0	0	190	211	199.33333333333334	0	0	0.0	0	0	0.0	0	0	0	0.0	InteractionsFirst	225	801	0	801	0	0	0	0
C155	801	6	0	0	184	207	200.0	0	0	0.0	0	0	0.0	0	0	0	0.0	InteractionsFirst	224	801	0	801	0	0	0	0
C156	801	6	0	0	185	224	203.5	0	0	0.0	0	0	0.0	0	0	0	0.0	InteractionsFirst	223	801	0	801	0	0	0	0
C157	801	6	0	0	191	214	201.0	0	0	0.0	0	0	0.0	0	0	0	0.0	InteractionsFirst	224	801	0	801	0	0	0	0
C158	801	6	0	0	186	214	200.16666666666666	0	0	0.0	0	0	0.0	0	0	0	0.0	InteractionsFirst	220	801	0	801	0	0	0	0
C159	801	6	0	0	189	226	200.33333333333334	0	0	0.0	0	0	0.0	0	0	0	0.0	InteractionsFirst	224	801	0	801	0	0	0	0
C160	801	6	0	0	189	210	197.33333333333334	0	0	0.0	0	0	0.0	0	0	0	0.0	InteractionsFirst	227	801	0	801	0	0	0	0
C161	851	6	0	0	204	238	211.83333333333334	0	0	0.0	0	0	0.0	0	0	0	0.0	InteractionsFirst	251	851	0	851	0	0	0	0
C162	851	6	0	0	180	235	211.66666666666666	0	0	0.0	0	0	0.0	0	0	0	0.0	InteractionsFirst	255	851	0	851	0	0	0	0
C163	851	6	0	0	180	229	210.16666666666666	0	0	0.0	0	0	0.0	0	0	0	0.0	InteractionsFirst	257	851	0	851	0	0	0	0
C164	851	6	0	0	190	235	209.33333333333334	0	0	0.0	0	0	0.0	0	0	0	0.0	InteractionsFirst	263	851	0	851	0	0	0	0
C165	851	6	0	0	209	225	214.5	0	0	0.0	0	0	0.0	0	0	0	0.0	InteractionsFirst	247	851	0	851	0	0	0	0
C166	851	6	0	0	197	223	214.0	0	0	0.0	0	0	0.0	0	0	0	0.0	InteractionsFirst	253	851	0	851	0	0	0	0
C167	851	6	0	0	202	235	214.5	0	0	0.0	0	0	0.0	0	0	0	0.0	InteractionsFirst	250	851	0	851	0	0	0	0
C168	851	6	0	0	197	229	213.66666666666666	0	0	0.0	0	0	0.0	0	0	0	0.0	InteractionsFirst	253	851	0	851	0	0	0	0
C169	851	6	0	0	200	229	211.0	0	0	0.0	0	0	0.0	0	0	0	0.0	InteractionsFirst	254	851	0	851	0	0	0	0
C170	851	6	0	0	174	231	207.16666666666666	0	0	0.0	0	0	0.0	0	0	0	0.0	InteractionsFirst	258	851	0	851	0	0	0	0
C171	901	6	0	0	211	253	225.66666666666666	0	0	0.0	0	0	0.0	0	0	0	0.0	InteractionsFirst	288	901	0	901	0	0	0	0
C172	901	6	0	0	200	241	224.33333333333334	0	0	0.0	0	0	0.0	0	0	0	0.0	InteractionsFirst	304	901	0	901	0	0	0	0
C173	901	6	0	0	195	242	225.16666666666666	0	0	0.0	0	0	0.0	0	0	0	0.0	InteractionsFirst	323	901	0	901	0	0	0	0
C174	901	6	0	0	205	252	225.16666666666666	0	0	0.0	0	0	0.0	0	0	0	0.0	InteractionsFirst	303	901	0	901	0	0	0	0
C175	901	6	0	0	207	243	226.83333333333334	0	0	0.0	0	0	0.0	0	0	0	0.0	InteractionsFirst	291	901	0	901	0	0	0	0
C176	901	6	0	0	215	234	226.83333333333334	0	0	0.0	0	0	0.0	0	0	0	0.0	InteractionsFirst	292	901	0	901	0	0	0	0
C177	901	6	0	0	213	232	223.33333333333334	0	0	0.0	0	0	0.0	0	0	0	0.0	InteractionsFirst	309	901	0	901	0	0	0	0
C178	901	6	0	0	217	253	225.33333333333334	0	0	0.0	0	0	0.0	0	0	0	0.0	InteractionsFirst	318	901	0	901	0	0	0	0
C179	901	6	0	0	209	240	222.33333333333334	0	0	0.0	0	0	0.0	0	0	0	0.0	InteractionsFirst	412	901	0	901	0	0	0	0
C180	901	6	0	0	202	248	225.83333333333334	0	0	0.0	0	0	0.0	0	0	0	0.0	InteractionsFirst	357	901	0	901	0	0	0	0
C181	951	6	0	0	224	272	238.33333333333334	0	0	0.0	0	0	0.0	0	0	0	0.0	InteractionsFirst	317	951	0	951	0	0	0	0
C182	951	6	0	0	213	251	235.66666666666666	0	0	0.0	0	0	0.0	0	0	0	0.0	InteractionsFirst	321	951	0	951	0	0	0	0
C183	951	6	0	0	213	257	238.5	0	0	0.0	0	0	0.0	0	0	0	0.0	InteractionsFirst	316	951	0	951	0	0	0	0
C184	951	6	0	0	223	256	236.66666666666666	0	0	0.0	0	0	0.0	0	0	0	0.0	InteractionsFirst	319	951	0	951	0	0	0	0
C185	951	6	0	0	223	256	240.66666666666666	0	0	0.0	0	0	0.0	0	0	0	0.0	InteractionsFirst	335	951	0	951	0	0	0	0
C186	951	6	0	0	226	251	238.0	0	0	0.0	0	0	0.0	0	0	0	0.0	InteractionsFirst	334	951	0	951	0	0	0	0
C187	951	6	0	0	214	258	237.5	0	0	0.0	0	0	0.0	0	0	0	0.0	InteractionsFirst	315	951	0	951	0	0	0	0
C188	951	6	0	0	226	252	236.83333333333334	0	0	0.0	0	0	0.0	0	0	0	0.0	InteractionsFirst	321	951	0	951	0	0	0	0
C189	951	6	0	0	191	257	232.16666666666666	0	0	0.0	0	0	0.0	0	0	0	0.0	InteractionsFirst	323	951	0	951	0	0	0	0
C190	951	6	0	0	230	245	235.16666666666666	0	0	0.0	0	0	0.0	0	0	0	0.0	InteractionsFirst	321	951	0	951	0	0	0	0
C191	1001	6	0	0	241	279	251.16666666666666	0	0	0.0	0	0	0.0	0	0	0	0.0	InteractionsFirst	350	1001	0	1001	0	0	0	0
C192	1001	6	0	0	227	262	247.16666666666666	0	0	0.0	0	0	0.0	0	0	0	0.0	InteractionsFirst	356	1001	0	1001	0	0	0	0
C193	1001	6	0	0	227	272	249.33333333333334	0	0	0.0	0	0	0.0	0	0	0	0.0	InteractionsFirst	349	1001	0	1001	0	0	0	0
C194	1001	6	0	0	234	264	248.33333333333334	0	0	0.0	0	0	0.0	0	0	0	0.0	InteractionsFirst	354	1001	0	1001	0	0	0	0
C195	1001	6	0	0	236	281	253.83333333333334	0	0	0.0	0	0	0.0	0	0	0	0.0	InteractionsFirst	351	1001	0	1001	0	0	0	0
C196	1001	6	0	0	228	264	250.33333333333334	0	0	0.0	0	0	0.0	0	0	0	0.0	InteractionsFirst	354	1001	0	1001	0	0	0	0
C197	1001	6	0	0	230	279	251.66666666666666	0	0	0.0	0	0	0.0	0	0	0	0.0	InteractionsFirst	352	1001	0	1001	0	0	0	0
C198	1001	6	0	0	235	264	246.16666666666666	0	0	0.0	0	0	0.0	0	0	0	0.0	InteractionsFirst	362	1001	0	1001	0	0	0	0
C199	1001	6	0	0	228	272	249.33333333333334	0	0	0.0	0	0	0.0	0	0	0	0.0	InteractionsFirst	373	1001	0	1001	0	0	0	0
C200	1001	6	0	0	222	260	246.33333333333334	0	0	0.0	0	0	0.0	0	0	0	0.0	InteractionsFirst	357	1001	0	1001	0	0	0	0
C201	1051	6	0	0	251	294	264.3333333333333	0	0	0.0	0	0	0.0	0	0	0	0.0	InteractionsFirst	419	1051	0	1051	0	0	0	0
C202	1051	6	0	0	239	281	260.0	0	0	0.0	0	0	0.0	0	0	0	0.0	InteractionsFirst	392	1051	0	1051	0	0	0	0
C203	1051	6	0	0	243	271	261.5	0	0	0.0	0	0	0.0	0	0	0	0.0	InteractionsFirst	393	1051	0	1051	0	0	0	0
C204	1051	6	0	0	256	278	265.0	0	0	0.0	0	0	0.0	0	0	0	0.0	InteractionsFirst	383	1051	0	1051	0	0	0	0
C205	1051	6	0	0	252	280	264.8333333333333	0	0	0.0	0	0	0.0	0	0	0	0.0	InteractionsFirst	389	1051	0	1051	0	0	0	0
C206	1051	6	0	0	254	270	261.5	0	0	0.0	0	0	0.0	0	0	0	0.0	InteractionsFirst	394	1051	0	1051	0	0	0	0
C207	1051	6	0	0	249	292	261.3333333333333	0	0	0.0	0	0	0.0	0	0	0	0.0	InteractionsFirst	396	1051	0	1051	0	0	0	0
C208	1051	6	0	0	227	279	256.1666666666667	0	0	0.0	0	0	0.0	0	0	0	0.0	InteractionsFirst	399	1051	0	1051	0	0	0	0
C209	1051	6	0	0	257	265	261.3333333333333	0	0	0.0	0	0	0.0	0	0	0	0.0	InteractionsFirst	402	1051	0	1051	0	0	0	0
C210	1051	6	0	0	217	279	259.3333333333333	0	0	0.0	0	0	0.0	0	0	0	0.0	InteractionsFirst	402	1051	0	1051	0	0	0	0
C211	1101	6	0	0	260	310	276.1666666666667	0	0	0.0	0	0	0.0	0	0	0	0.0	InteractionsFirst	430	1101	0	1101	0	0	0	0
C212	1101	6	0	0	255	299	273.5	0	0	0.0	0	0	0.0	0	0	0	0.0	InteractionsFirst	427	1101	0	1101	0	0	0	0
C213	1101	6	0	0	246	292	272.8333333333333	0	0	0.0	0	0	0.0	0	0	0	0.0	InteractionsFirst	463	1101	0	1101	0	0	0	0
C214	1101	6	0	0	270	287	278.0	0	0	0.0	0	0	0.0	0	0	0	0.0	InteractionsFirst	424	1101	0	1101	0	0	0	0
C215	1101	6	0	0	258	292	277.1666666666667	0	0	0.0	0	0	0.0	0	0	0	0.0	InteractionsFirst	426	1101	0	1101	0	0	0	0
C216	1101	6	0	0	257	291	275.3333333333333	0	0	0.0	0	0	0.0	0	0	0	0.0	InteractionsFirst	432	1101	0	1101	0	0	0	0
C217	1101	6	0	0	258	291	273.6666666666667	0	0	0.0	0	0	0.0	0	0	0	0.0	InteractionsFirst	436	1101	0	1101	0	0	0	0
C218	1101	6	0	0	234	304	271.5	0	0	0.0	0	0	0.0	0	0	0	0.0	InteractionsFirst	434	1101	0	1101	0	0	0	0
C219	1101	6	0	0	239	290	269.5	0	0	0.0	0	0	0.0	0	0	0	0.0	InteractionsFirst	437	1101	0	1101	0	0	0	0
C220	1101	6	0	0	263	287	273.8333333333333	0	0	0.0	0	0	0.0	0	0	0	0.0	InteractionsFirst	429	1101	0	1101	0	0	0	0
C221	1151	6	0	0	271	319	289.8333333333333	0	0	0.0	0	0	0.0	0	0	0	0.0	InteractionsFirst	513	1151	0	1151	0	0	0	0
C222	1151	6	0	0	254	316	284.8333333333333	0	0	0.0	0	0	0.0	0	0	0	0.0	InteractionsFirst	490	1151	0	1151	0	0	0	0
C223	1151	6	0	0	263	309	286.0	0	0	0.0	0	0	0.0	0	0	0	0.0	InteractionsFirst	479	1151	0	1151	0	0	0	0
C224	1151	6	0	0	277	298	289.1666666666667	0	0	0.0	0	0	0.0	0	0	0	0.0	InteractionsFirst	480	1151	0	1151	0	0	0	0
C225	1151	6	0	0	275	295	288.5	0	0	0.0	0	0	0.0	0	0	0	0.0	InteractionsFirst	483	1151	0	1151	0	0	0	0
C226	1151	6	0	0	257	313	288.0	0	0	0.0	0	0	0.0	0	0	0	0.0	InteractionsFirst	554	1151	0	1151	0	0	0	0
C227	1151	6	0	0	267	307	284.0	0	0	0.0	0	0	0.0	0	0	0	0.0	InteractionsFirst	509	1151	0	1151	0	0	0	0
C228	1151	6	0	0	274	307	288.5	0	0	0.0	0	0	0.0	0	0	0	0.0	InteractionsFirst	506	1151	0	1151	0	0	0	0
C229	1151	6	0	0	252	298	285.3333333333333	0	0	0.0	0	0	0.0	0	0	0	0.0	InteractionsFirst	507	1151	0	1151	0	0	0	0
C230	1151	6	0	0	277	296	286.8333333333333	0	0	0.0	0	0	0.0	0	0	0	0.0	InteractionsFirst	483	1151	0	1151	0	0	0	0
C241	1251	6	0	0	299	344	316.1666666666667	0	0	0.0	0	0	0.0	0	0	0	0.0	InteractionsFirst	550	1251	0	1251	0	0	0	0
C242	1251	6	0	0	287	330	308.6666666666667	0	0	0.0	0	0	0.0	0	0	0	0.0	InteractionsFirst	599	1251	0	1251	0	0	0	0
C243	1251	6	0	0	296	342	310.6666666666667	0	0	0.0	0	0	0.0	0	0	0	0.0	InteractionsFirst	559	1251	0	1251	0	0	0	0
C244	1251	6	0	0	301	338	317.0	0	0	0.0	0	0	0.0	0	0	0	0.0	InteractionsFirst	552	1251	0	1251	0	0	0	0
C245	1251	6	0	0	298	327	311.0	0	0	0.0	0	0	0.0	0	0	0	0.0	InteractionsFirst	561	1251	0	1251	0	0	0	0
C246	1251	6	0	0	306	335	314.0	0	0	0.0	0	0	0.0	0	0	0	0.0	InteractionsFirst	556	1251	0	1251	0	0	0	0
C247	1251	6	0	0	269	336	308.6666666666667	0	0	0.0	0	0	0.0	0	0	0	0.0	InteractionsFirst	560	1251	0	1251	0	0	0	0
C248	1251	6	0	0	279	321	309.5	0	0	0.0	0	0	0.0	0	0	0	0.0	InteractionsFirst	566	1251	0	1251	0	0	0	0
C249	1251	6	0	0	294	320	309.3333333333333	0	0	0.0	0	0	0.0	0	0	0	0.0	InteractionsFirst	566	1251	0	1251	0	0	0	0
C250	1251	6	0	0	304	322	313.8333333333333	0	0	0.0	0	0	0.0	0	0	0	0.0	InteractionsFirst	564	1251	0	1251	0	0	0	0
C251	1301	6	0	0	309	355	327.0	0	0	0.0	0	0	0.0	0	0	0	0.0	InteractionsFirst	639	1301	0	1301	0	0	0	0
C252	1301	6	0	0	296	351	320.8333333333333	0	0	0.0	0	0	0.0	0	0	0	0.0	InteractionsFirst	611	1301	0	1301	0	0	0	0
C253	1301	6	0	0	308	352	323.3333333333333	0	0	0.0	0	0	0.0	0	0	0	0.0	InteractionsFirst	602	1301	0	1301	0	0	0	0
C254	1301	6	0	0	311	356	329.0	0	0	0.0	0	0	0.0	0	0	0	0.0	InteractionsFirst	604	1301	0	1301	0	0	0	0
C255	1301	6	0	0	312	338	324.5	0	0	0.0	0	0	0.0	0	0	0	0.0	InteractionsFirst	602	1301	0	1301	0	0	0	0
C256	1301	6	0	0	307	343	322.8333333333333	0	0	0.0	0	0	0.0	0	0	0	0.0	InteractionsFirst	613	1301	0	1301	0	0	0	0
C257	1301	6	0	0	310	341	323.3333333333333	0	0	0.0	0	0	0.0	0	0	0	0.0	InteractionsFirst	604	1301	0	1301	0	0	0	0
C258	1301	6	0	0	282	342	321.5	0	0	0.0	0	0	0.0	0	0	0	0.0	InteractionsFirst	612	1301	0	1301	0	0	0	0
C259	1301	6	0	0	315	332	325.0	0	0	0.0	0	0	0.0	0	0	0	0.0	InteractionsFirst	607	1301	0	1301	0	0	0	0
C260	1301	6	0	0	299	342	321.6666666666667	0	0	0.0	0	0	0.0	0	0	0	0.0	InteractionsFirst	618	1301	0	1301	0	0	0	0
C261	1351	6	0	0	318	366	339.3333333333333	0	0	0.0	0	0	0.0	0	0	0	0.0	InteractionsFirst	801	1351	0	1351	0	0	0	0
C262	1351	6	0	0	302	369	336.1666666666667	0	0	0.0	0	0	0.0	0	0	0	0.0	InteractionsFirst	650	1351	0	1351	0	0	0	0
C263	1351	6	0	0	318	358	335.3333333333333	0	0	0.0	0	0	0.0	0	0	0	0.0	InteractionsFirst	653	1351	0	1351	0	0	0	0
C264	1351	6	0	0	325	353	340.3333333333333	0	0	0.0	0	0	0.0	0	0	0	0.0	InteractionsFirst	939	1351	0	1351	0	0	0	0
C265	1351	6	0	0	310	367	339.6666666666667	0	0	0.0	0	0	0.0	0	0	0	0.0	InteractionsFirst	652	1351	0	1351	0	0	0	0
C266	1351	6	0	0	310	365	333.6666666666667	0	0	0.0	0	0	0.0	0	0	0	0.0	InteractionsFirst	668	1351	0	1351	0	0	0	0
C267	1351	6	0	0	315	347	335.1666666666667	0	0	0.0	0	0	0.0	0	0	0	0.0	InteractionsFirst	722	1351	0	1351	0	0	0	0
C268	1351	6	0	0	315	353	332.3333333333333	0	0	0.0	0	0	0.0	0	0	0	0.0	InteractionsFirst	749	1351	0	1351	0	0	0	0
C269	1351	6	0	0	326	342	336.5	0	0	0.0	0	0	0.0	0	0	0	0.0	InteractionsFirst	661	1351	0	1351	0	0	0	0
C270	1351	6	0	0	315	349	333.0	0	0	0.0	0	0	0.0	0	0	0	0.0	InteractionsFirst	660	1351	0	1351	0	0	0	0
C271	1401	6	0	0	332	383	353.5	0	0	0.0	0	0	0.0	0	0	0	0.0	InteractionsFirst	723	1401	0	1401	0	0	0	0
C272	1401	6	0	0	325	378	350.6666666666667	0	0	0.0	0	0	0.0	0	0	0	0.0	InteractionsFirst	700	1401	0	1401	0	0	0	0
C273	1401	6	0	0	332	373	350.5	0	0	0.0	0	0	0.0	0	0	0	0.0	InteractionsFirst	701	1401	0	1401	0	0	0	0
C274	1401	6	0	0	337	365	351.6666666666667	0	0	0.0	0	0	0.0	0	0	0	0.0	InteractionsFirst	714	1401	0	1401	0	0	0	0
C275	1401	6	0	0	327	380	351.0	0	0	0.0	0	0	0.0	0	0	0	0.0	InteractionsFirst	713	1401	0	1401	0	0	0	0
C276	1401	6	0	0	314	367	343.5	0	0	0.0	0	0	0.0	0	0	0	0.0	InteractionsFirst	746	1401	0	1401	0	0	0	0
C277	1401	6	0	0	328	357	348.0	0	0	0.0	0	0	0.0	0	0	0	0.0	InteractionsFirst	726	1401	0	1401	0	0	0	0
C278	1401	6	0	0	330	363	348.3333333333333	0	0	0.0	0	0	0.0	0	0	0	0.0	InteractionsFirst	724	1401	0	1401	0	0	0	0
C279	1401	6	0	0	336	366	349.1666666666667	0	0	0.0	0	0	0.0	0	0	0	0.0	InteractionsFirst	718	1401	0	1401	0	0	0	0
C280	1401	6	0	0	325	357	345.5	0	0	0.0	0	0	0.0	0	0	0	0.0	InteractionsFirst	728	1401	0	1401	0	0	0	0
C291	1501	6	0	0	347	408	377.3333333333333	0	0	0.0	0	0	0.0	0	0	0	0.0	InteractionsFirst	826	1501	0	1501	0	0	0	0
C292	1501	6	0	0	342	399	374.0	0	0	0.0	0	0	0.0	0	0	0	0.0	InteractionsFirst	812	1501	0	1501	0	0	0	0
C293	1501	6	0	0	360	399	378.5	0	0	0.0	0	0	0.0	0	0	0	0.0	InteractionsFirst	802	1501	0	1501	0	0	0	0
C294	1501	6	0	0	366	391	376.8333333333333	0	0	0.0	0	0	0.0	0	0	0	0.0	InteractionsFirst	813	1501	0	1501	0	0	0	0
C295	1501	6	0	0	364	406	378.6666666666667	0	0	0.0	0	0	0.0	0	0	0	0.0	InteractionsFirst	812	1501	0	1501	0	0	0	0
C296	1501	6	0	0	332	408	371.5	0	0	0.0	0	0	0.0	0	0	0	0.0	InteractionsFirst	818	1501	0	1501	0	0	0	0
C297	1501	6	0	0	326	388	369.6666666666667	0	0	0.0	0	0	0.0	0	0	0	0.0	InteractionsFirst	822	1501	0	1501	0	0	0	0
C298	1501	6	0	0	370	386	376.0	0	0	0.0	0	0	0.0	0	0	0	0.0	InteractionsFirst	810	1501	0	1501	0	0	0	0
C299	1501	6	0	0	354	389	371.8333333333333	0	0	0.0	0	0	0.0	0	0	0	0.0	InteractionsFirst	822	1501	0	1501	0	0	0	0
C300	1501	6	0	0	333	419	373.8333333333333	0	0	0.0	0	0	0.0	0	0	0	0.0	InteractionsFirst	817	1501	0	1501	0	0	0	0
C301	1551	6	0	0	357	418	389.0	0	0	0.0	0	0	0.0	0	0	0	0.0	InteractionsFirst	876	1551	0	1551	0	0	0	0
C302	1551	6	0	0	359	409	385.8333333333333	0	0	0.0	0	0	0.0	0	0	0	0.0	InteractionsFirst	877	1551	0	1551	0	0	0	0
C303	1551	6	0	0	382	414	392.0	0	0	0.0	0	0	0.0	0	0	0	0.0	InteractionsFirst	861	1551	0	1551	0	0	0	0
C304	1551	6	0	0	380	400	387.1666666666667	0	0	0.0	0	0	0.0	0	0	0	0.0	InteractionsFirst	876	1551	0	1551	0	0	0	0
C305	1551	6	0	0	375	403	386.3333333333333	0	0	0.0	0	0	0.0	0	0	0	0.0	InteractionsFirst	944	1551	0	1551	0	0	0	0
C306	1551	6	0	0	367	402	385.8333333333333	0	0	0.0	0	0	0.0	0	0	0	0.0	InteractionsFirst	877	1551	0	1551	0	0	0	0
C307	1551	6	0	0	357	404	384.1666666666667	0	0	0.0	0	0	0.0	0	0	0	0.0	InteractionsFirst	879	1551	0	1551	0	0	0	0
C308	1551	6	0	0	374	404	386.8333333333333	0	0	0.0	0	0	0.0	0	0	0	0.0	InteractionsFirst	876	1551	0	1551	0	0	0	0
C309	1551	6	0	0	344	399	380.6666666666667	0	0	0.0	0	0	0.0	0	0	0	0.0	InteractionsFirst	909	1551	0	1551	0	0	0	0
C310	1551	6	0	0	371	407	386.3333333333333	0	0	0.0	0	0	0.0	0	0	0	0.0	InteractionsFirst	875	1551	0	1551	0	0	0	0
C311	1601	6	0	0	366	429	400.6666666666667	0	0	0.0	0	0	0.0	0	0	0	0.0	InteractionsFirst	938	1601	0	1601	0	0	0	0
C312	1601	6	0	0	363	422	397.6666666666667	0	0	0.0	0	0	0.0	0	0	0	0.0	InteractionsFirst	948	1601	0	1601	0	0	0	0
C313	1601	6	0	0	389	424	404.6666666666667	0	0	0.0	0	0	0.0	0	0	0	0.0	InteractionsFirst	938	1601	0	1601	0	0	0	0
C314	1601	6	0	0	383	414	401.1666666666667	0	0	0.0	0	0	0.0	0	0	0	0.0	InteractionsFirst	1028	1601	0	1601	0	0	0	0
C315	1601	6	0	0	371	421	396.6666666666667	0	0	0.0	0	0	0.0	0	0	0	0.0	InteractionsFirst	976	1601	0	1601	0	0	0	0
C316	1601	6	0	0	378	416	397.3333333333333	0	0	0.0	0	0	0.0	0	0	0	0.0	InteractionsFirst	995	1601	0	1601	0	0	0	0
C317	1601	6	0	0	380	412	399.1666666666667	0	0	0.0	0	0	0.0	0	0	0	0.0	InteractionsFirst	978	1601	0	1601	0	0	0	0
C318	1601	6	0	0	379	412	397.5	0	0	0.0	0	0	0.0	0	0	0	0.0	InteractionsFirst	1000	1601	0	1601	0	0	0	0
C319	1601	6	0	0	372	411	396.1666666666667	0	0	0.0	0	0	0.0	0	0	0	0.0	InteractionsFirst	941	1601	0	1601	0	0	0	0
C320	1601	6	0	0	384	431	402.3333333333333	0	0	0.0	0	0	0.0	0	0	0	0.0	InteractionsFirst	936	1601	0	1601	0	0	0	0
C321	1651	6	0	0	378	439	412.1666666666667	0	0	0.0	0	0	0.0	0	0	0	0.0	InteractionsFirst	1005	1651	0	1651	0	0	0	0
C322	1651	6	0	0	373	444	411.0	0	0	0.0	0	0	0.0	0	0	0	0.0	InteractionsFirst	1017	1651	0	1651	0	0	0	0
C323	1651	6	0	0	391	432	415.0	0	0	0.0	0	0	0.0	0	0	0	0.0	InteractionsFirst	989	1651	0	1651	0	0	0	0
C324	1651	6	0	0	379	433	411.5	0	0	0.0	0	0	0.0	0	0	0	0.0	InteractionsFirst	995	1651	0	1651	0	0	0	0
C325	1651	6	0	0	375	433	407.3333333333333	0	0	0.0	0	0	0.0	0	0	0	0.0	InteractionsFirst	1020	1651	0	1651	0	0	0	0
C326	1651	6	0	0	393	418	410.3333333333333	0	0	0.0	0	0	0.0	0	0	0	0.0	InteractionsFirst	1004	1651	0	1651	0	0	0	0
C327	1651	6	0	0	401	420	408.1666666666667	0	0	0.0	0	0	0.0	0	0	0	0.0	InteractionsFirst	1002	1651	0	1651	0	0	0	0
C328	1651	6	0	0	380	439	409.0	0	0	0.0	0	0	0.0	0	0	0	0.0	InteractionsFirst	999	1651	0	1651	0	0	0	0
C329	1651	6	0	0	378	449	406.8333333333333	0	0	0.0	0	0	0.0	0	0	0	0.0	InteractionsFirst	1003	1651	0	1651	0	0	0	0
C330	1651	6	0	0	386	441	413.3333333333333	0	0	0.0	0	0	0.0	0	0	0	0.0	InteractionsFirst	1027	1651	0	1651	0	0	0	0
C331	1701	6	0	0	396	450	426.3333333333333	0	0	0.0	0	0	0.0	0	0	0	0.0	InteractionsFirst	1051	1701	0	1701	0	0	0	0
C332	1701	6	0	0	379	456	422.8333333333333	0	0	0.0	0	0	0.0	0	0	0	0.0	InteractionsFirst	1087	1701	0	1701	0	0	0	0
C333	1701	6	0	0	410	443	429.3333333333333	0	0	0.0	0	0	0.0	0	0	0	0.0	InteractionsFirst	1045	1701	0	1701	0	0	0	0
C334	1701	6	0	0	404	449	426.5	0	0	0.0	0	0	0.0	0	0	0	0.0	InteractionsFirst	1112	1701	0	1701	0	0	0	0
C335	1701	6	0	0	390	436	418.0	0	0	0.0	0	0	0.0	0	0	0	0.0	InteractionsFirst	1079	1701	0	1701	0	0	0	0
C336	1701	6	0	0	391	447	422.8333333333333	0	0	0.0	0	0	0.0	0	0	0	0.0	InteractionsFirst	1058	1701	0	1701	0	0	0	0
C337	1701	6	0	0	414	434	425.6666666666667	0	0	0.0	0	0	0.0	0	0	0	0.0	InteractionsFirst	1049	1701	0	1701	0	0	0	0
C338	1701	6	0	0	409	431	421.5	0	0	0.0	0	0	0.0	0	0	0	0.0	InteractionsFirst	1096	1701	0	1701	0	0	0	0
C339	1701	6	0	0	399	463	426.1666666666667	0	0	0.0	0	0	0.0	0	0	0	0.0	InteractionsFirst	1051	1701	0	1701	0	0	0	0
C340	1701	6	0	0	366	476	423.1666666666667	0	0	0.0	0	0	0.0	0	0	0	0.0	InteractionsFirst	1046	1701	0	1701	0	0	0	0
C341	1751	6	0	0	403	457	437.8333333333333	0	0	0.0	0	0	0.0	0	0	0	0.0	InteractionsFirst	1115	1751	0	1751	0	0	0	0
C342	1751	6	0	0	394	468	436.5	0	0	0.0	0	0	0.0	0	0	0	0.0	InteractionsFirst	1143	1751	0	1751	0	0	0	0
C343	1751	6	0	0	415	458	441.0	0	0	0.0	0	0	0.0	0	0	0	0.0	InteractionsFirst	1107	1751	0	1751	0	0	0	0
C344	1751	6	0	0	406	471	438.0	0	0	0.0	0	0	0.0	0	0	0	0.0	InteractionsFirst	1112	1751	0	1751	0	0	0	0
C345	1751	6	0	0	401	457	433.0	0	0	0.0	0	0	0.0	0	0	0	0.0	InteractionsFirst	1125	1751	0	1751	0	0	0	0
C346	1751	6	0	0	385	455	432.6666666666667	0	0	0.0	0	0	0.0	0	0	0	0.0	InteractionsFirst	1130	1751	0	1751	0	0	0	0
C347	1751	6	0	0	422	461	439.0	0	0	0.0	0	0	0.0	0	0	0	0.0	InteractionsFirst	1114	1751	0	1751	0	0	0	0
C348	1751	6	0	0	410	441	430.0	0	0	0.0	0	0	0.0	0	0	0	0.0	InteractionsFirst	1230	1751	0	1751	0	0	0	0
C349	1751	6	0	0	425	456	437.8333333333333	0	0	0.0	0	0	0.0	0	0	0	0.0	InteractionsFirst	1099	1751	0	1751	0	0	0	0
C350	1751	6	0	0	419	487	439.3333333333333	0	0	0.0	0	0	0.0	0	0	0	0.0	InteractionsFirst	1103	1751	0	1751	0	0	0	0
C351	1801	6	0	0	417	475	450.6666666666667	0	0	0.0	0	0	0.0	0	0	0	0.0	InteractionsFirst	1270	1801	0	1801	0	0	0	0
C352	1801	6	0	0	401	475	449.1666666666667	0	0	0.0	0	0	0.0	0	0	0	0.0	InteractionsFirst	1258	1801	0	1801	0	0	0	0
C353	1801	6	0	0	435	470	453.6666666666667	0	0	0.0	0	0	0.0	0	0	0	0.0	InteractionsFirst	1388	1801	0	1801	0	0	0	0
C354	1801	6	0	0	429	483	451.5	0	0	0.0	0	0	0.0	0	0	0	0.0	InteractionsFirst	1546	1801	0	1801	0	0	0	0
C355	1801	6	0	0	411	482	444.0	0	0	0.0	0	0	0.0	0	0	0	0.0	InteractionsFirst	1270	1801	0	1801	0	0	0	0
C356	1801	6	0	0	414	464	443.1666666666667	0	0	0.0	0	0	0.0	0	0	0	0.0	InteractionsFirst	1200	1801	0	1801	0	0	0	0
C357	1801	6	0	0	435	470	448.6666666666667	0	0	0.0	0	0	0.0	0	0	0	0.0	InteractionsFirst	1269	1801	0	1801	0	0	0	0
C358	1801	6	0	0	417	469	446.3333333333333	0	0	0.0	0	0	0.0	0	0	0	0.0	InteractionsFirst	1279	1801	0	1801	0	0	0	0
C359	1801	6	0	0	422	487	451.3333333333333	0	0	0.0	0	0	0.0	0	0	0	0.0	InteractionsFirst	1346	1801	0	1801	0	0	0	0
C360	1801	6	0	0	434	480	451.3333333333333	0	0	0.0	0	0	0.0	0	0	0	0.0	InteractionsFirst	1259	1801	0	1801	0	0	0	0
C361	1851	6	0	0	427	486	462.6666666666667	0	0	0.0	0	0	0.0	0	0	0	0.0	InteractionsFirst	1280	1851	0	1851	0	0	0	0
C362	1851	6	0	0	439	479	459.3333333333333	0	0	0.0	0	0	0.0	0	0	0	0.0	InteractionsFirst	1286	1851	0	1851	0	0	0	0
C363	1851	6	0	0	449	485	469.0	0	0	0.0	0	0	0.0	0	0	0	0.0	InteractionsFirst	1245	1851	0	1851	0	0	0	0
C364	1851	6	0	0	429	500	462.8333333333333	0	0	0.0	0	0	0.0	0	0	0	0.0	InteractionsFirst	1253	1851	0	1851	0	0	0	0
C365	1851	6	0	0	430	485	458.1666666666667	0	0	0.0	0	0	0.0	0	0	0	0.0	InteractionsFirst	1343	1851	0	1851	0	0	0	0
C366	1851	6	0	0	427	477	460.1666666666667	0	0	0.0	0	0	0.0	0	0	0	0.0	InteractionsFirst	1288	1851	0	1851	0	0	0	0
C367	1851	6	0	0	442	481	460.5	0	0	0.0	0	0	0.0	0	0	0	0.0	InteractionsFirst	1262	1851	0	1851	0	0	0	0
C368	1851	6	0	0	435	484	456.8333333333333	0	0	0.0	0	0	0.0	0	0	0	0.0	InteractionsFirst	1314	1851	0	1851	0	0	0	0
C369	1851	6	0	0	427	495	461.6666666666667	0	0	0.0	0	0	0.0	0	0	0	0.0	InteractionsFirst	1261	1851	0	1851	0	0	0	0
C370	1851	6	0	0	436	485	461.0	0	0	0.0	0	0	0.0	0	0	0	0.0	InteractionsFirst	1263	1851	0	1851	0	0	0	0
C371	1901	6	0	0	440	499	474.0	0	0	0.0	0	0	0.0	0	0	0	0.0	InteractionsFirst	1334	1901	0	1901	0	0	0	0
C372	1901	6	0	0	451	497	473.5	0	0	0.0	0	0	0.0	0	0	0	0.0	InteractionsFirst	1362	1901	0	1901	0	0	0	0
C373	1901	6	0	0	460	495	478.5	0	0	0.0	0	0	0.0	0	0	0	0.0	InteractionsFirst	1324	1901	0	1901	0	0	0	0
C374	1901	6	0	0	446	495	473.5	0	0	0.0	0	0	0.0	0	0	0	0.0	InteractionsFirst	1328	1901	0	1901	0	0	0	0
C375	1901	6	0	0	451	490	470.0	0	0	0.0	0	0	0.0	0	0	0	0.0	InteractionsFirst	1337	1901	0	1901	0	0	0	0
C376	1901	6	0	0	445	487	471.6666666666667	0	0	0.0	0	0	0.0	0	0	0	0.0	InteractionsFirst	1391	1901	0	1901	0	0	0	0
C377	1901	6	0	0	454	495	471.1666666666667	0	0	0.0	0	0	0.0	0	0	0	0.0	InteractionsFirst	1344	1901	0	1901	0	0	0	0
C378	1901	6	0	0	453	513	472.1666666666667	0	0	0.0	0	0	0.0	0	0	0	0.0	InteractionsFirst	1350	1901	0	1901	0	0	0	0
C379	1901	6	0	0	425	537	476.0	0	0	0.0	0	0	0.0	0	0	0	0.0	InteractionsFirst	1319	1901	0	1901	0	0	0	0
C380	1901	6	0	0	455	485	473.3333333333333	0	0	0.0	0	0	0.0	0	0	0	0.0	InteractionsFirst	1327	1901	0	1901	0	0	0	0
C381	1951	6	0	0	448	512	486.6666666666667	0	0	0.0	0	0	0.0	0	0	0	0.0	InteractionsFirst	1426	1951	0	1951	0	0	0	0
C382	1951	6	0	0	469	507	488.1666666666667	0	0	0.0	0	0	0.0	0	0	0	0.0	InteractionsFirst	1444	1951	0	1951	0	0	0	0
C383	1951	6	0	0	466	507	489.8333333333333	0	0	0.0	0	0	0.0	0	0	0	0.0	InteractionsFirst	1405	1951	0	1951	0	0	0	0
C384	1951	6	0	0	472	513	487.5	0	0	0.0	0	0	0.0	0	0	0	0.0	InteractionsFirst	1444	1951	0	1951	0	0	0	0
C385	1951	6	0	0	473	498	483.0	0	0	0.0	0	0	0.0	0	0	0	0.0	InteractionsFirst	1407	1951	0	1951	0	0	0	0
C386	1951	6	0	0	473	499	484.3333333333333	0	0	0.0	0	0	0.0	0	0	0	0.0	InteractionsFirst	1421	1951	0	1951	0	0	0	0
C387	1951	6	0	0	471	492	481.5	0	0	0.0	0	0	0.0	0	0	0	0.0	InteractionsFirst	1416	1951	0	1951	0	0	0	0
C388	1951	6	0	0	463	508	490.3333333333333	0	0	0.0	0	0	0.0	0	0	0	0.0	InteractionsFirst	1400	1951	0	1951	0	0	0	0
C389	1951	6	0	0	470	532	487.3333333333333	0	0	0.0	0	0	0.0	0	0	0	0.0	InteractionsFirst	1401	1951	0	1951	0	0	0	0
C390	1951	6	0	0	464	509	484.1666666666667	0	0	0.0	0	0	0.0	0	0	0	0.0	InteractionsFirst	1514	1951	0	1951	0	0	0	0
C391	2001	6	0	0	465	519	499.1666666666667	0	0	0.0	0	0	0.0	0	0	0	0.0	InteractionsFirst	1636	2001	0	2001	0	0	0	0
C392	2001	6	0	0	476	523	498.6666666666667	0	0	0.0	0	0	0.0	0	0	0	0.0	InteractionsFirst	1675	2001	0	2001	0	0	0	0
C393	2001	6	0	0	481	523	502.0	0	0	0.0	0	0	0.0	0	0	0	0.0	InteractionsFirst	1567	2001	0	2001	0	0	0	0
C394	2001	6	0	0	479	521	497.0	0	0	0.0	0	0	0.0	0	0	0	0.0	InteractionsFirst	2642	2001	0	2001	0	0	0	0
C395	2001	6	0	0	484	516	498.0	0	0	0.0	0	0	0.0	0	0	0	0.0	InteractionsFirst	1575	2001	0	2001	0	0	0	0
C396	2001	6	0	0	488	510	498.8333333333333	0	0	0.0	0	0	0.0	0	0	0	0.0	InteractionsFirst	1659	2001	0	2001	0	0	0	0
C397	2001	6	0	0	470	508	491.8333333333333	0	0	0.0	0	0	0.0	0	0	0	0.0	InteractionsFirst	1688	2001	0	2001	0	0	0	0
C398	2001	6	0	0	473	526	499.8333333333333	0	0	0.0	0	0	0.0	0	0	0	0.0	InteractionsFirst	2982	2001	0	2001	0	0	0	0
C399	2001	6	0	0	480	543	502.6666666666667	0	0	0.0	0	0	0.0	0	0	0	0.0	InteractionsFirst	1473	2001	0	2001	0	0	0	0
C400	2001	6	0	0	466	523	496.1666666666667	0	0	0.0	0	0	0.0	0	0	0	0.0	InteractionsFirst	1499	2001	0	2001	0	0	0	0
C401	2051	6	0	0	468	534	511.5	0	0	0.0	0	0	0.0	0	0	0	0.0	InteractionsFirst	1605	2051	0	2051	0	0	0	0
C402	2051	6	0	0	488	546	511.8333333333333	0	0	0.0	0	0	0.0	0	0	0	0.0	InteractionsFirst	1603	2051	0	2051	0	0	0	0
C403	2051	6	0	0	497	528	513.0	0	0	0.0	0	0	0.0	0	0	0	0.0	InteractionsFirst	1563	2051	0	2051	0	0	0	0
C404	2051	6	0	0	475	536	508.3333333333333	0	0	0.0	0	0	0.0	0	0	0	0.0	InteractionsFirst	1580	2051	0	2051	0	0	0	0
C405	2051	6	0	0	479	530	511.8333333333333	0	0	0.0	0	0	0.0	0	0	0	0.0	InteractionsFirst	1634	2051	0	2051	0	0	0	0
C406	2051	6	0	0	502	526	513.1666666666666	0	0	0.0	0	0	0.0	0	0	0	0.0	InteractionsFirst	1608	2051	0	2051	0	0	0	0
C407	2051	6	0	0	474	543	509.3333333333333	0	0	0.0	0	0	0.0	0	0	0	0.0	InteractionsFirst	1570	2051	0	2051	0	0	0	0
C408	2051	6	0	0	487	541	513.1666666666666	0	0	0.0	0	0	0.0	0	0	0	0.0	InteractionsFirst	1681	2051	0	2051	0	0	0	0
C409	2051	6	0	0	486	548	514.5	0	0	0.0	0	0	0.0	0	0	0	0.0	InteractionsFirst	1559	2051	0	2051	0	0	0	0
C410	2051	6	0	0	476	537	509.0	0	0	0.0	0	0	0.0	0	0	0	0.0	InteractionsFirst	1686	2051	0	2051	0	0	0	0
C411	2101	6	0	0	487	547	525.0	0	0	0.0	0	0	0.0	0	0	0	0.0	InteractionsFirst	1650	2101	0	2101	0	0	0	0
C412	2101	6	0	0	501	550	524.8333333333334	0	0	0.0	0	0	0.0	0	0	0	0.0	InteractionsFirst	1651	2101	0	2101	0	0	0	0
C413	2101	6	0	0	515	545	526.0	0	0	0.0	0	0	0.0	0	0	0	0.0	InteractionsFirst	1649	2101	0	2101	0	0	0	0
C414	2101	6	0	0	472	548	520.5	0	0	0.0	0	0	0.0	0	0	0	0.0	InteractionsFirst	1651	2101	0	2101	0	0	0	0
C415	2101	6	0	0	474	538	519.1666666666666	0	0	0.0	0	0	0.0	0	0	0	0.0	InteractionsFirst	1651	2101	0	2101	0	0	0	0
C416	2101	6	0	0	504	550	524.5	0	0	0.0	0	0	0.0	0	0	0	0.0	InteractionsFirst	1656	2101	0	2101	0	0	0	0
C417	2101	6	0	0	495	548	519.8333333333334	0	0	0.0	0	0	0.0	0	0	0	0.0	InteractionsFirst	1671	2101	0	2101	0	0	0	0
C418	2101	6	0	0	484	564	523.1666666666666	0	0	0.0	0	0	0.0	0	0	0	0.0	InteractionsFirst	1637	2101	0	2101	0	0	0	0
C419	2101	6	0	0	508	540	524.1666666666666	0	0	0.0	0	0	0.0	0	0	0	0.0	InteractionsFirst	1649	2101	0	2101	0	0	0	0
C420	2101	6	0	0	496	537	520.0	0	0	0.0	0	0	0.0	0	0	0	0.0	InteractionsFirst	1640	2101	0	2101	0	0	0	0
