id	numberOfActions	numberOfProcesses	numberOfProcedures	numberOfConditionals	minLengthOfProcesses	maxLengthOfProcesses	avgLengthOfProcesses	minNumberOfProceduresInProcesses	maxNumberOfProceduresInProcesses	avgNumberOfProceduresInProcesses	minNumberOfConditionalsInProcesses	maxNumberOfConditionalsInProcesses	avgNumberOfConditionalsInProcesses	numberOfProcessesWithConditionals	minProcedureLengthInProcesses	maxProcedureLengthInProcesses	avgProcedureLengthInProcesses	strategy	time(msec)	nodes	badLoops	mainLength	numOfProcedures	minProcedureLength	maxProcedureLength	avgProcedureLength
C1	201	5	0	0	54	65	59.2	0	0	0.0	0	0	0.0	0	0	0	0.0	UnmarkedThenRandom	14	201	0	201	0	0	0	0
C2	201	5	0	0	53	70	62.0	0	0	0.0	0	0	0.0	0	0	0	0.0	UnmarkedThenRandom	10	201	0	201	0	0	0	0
C3	201	5	0	0	55	70	61.4	0	0	0.0	0	0	0.0	0	0	0	0.0	UnmarkedThenRandom	10	201	0	201	0	0	0	0
C4	201	5	0	0	51	65	58.6	0	0	0.0	0	0	0.0	0	0	0	0.0	UnmarkedThenRandom	13	201	0	201	0	0	0	0
C5	201	5	0	0	53	67	61.8	0	0	0.0	0	0	0.0	0	0	0	0.0	UnmarkedThenRandom	11	201	0	201	0	0	0	0
C6	201	5	0	0	48	68	58.0	0	0	0.0	0	0	0.0	0	0	0	0.0	UnmarkedThenRandom	12	201	0	201	0	0	0	0
C7	201	5	0	0	50	68	60.0	0	0	0.0	0	0	0.0	0	0	0	0.0	UnmarkedThenRandom	13	201	0	201	0	0	0	0
C8	201	5	0	0	52	67	59.2	0	0	0.0	0	0	0.0	0	0	0	0.0	UnmarkedThenRandom	13	201	0	201	0	0	0	0
C9	201	5	0	0	46	68	60.0	0	0	0.0	0	0	0.0	0	0	0	0.0	UnmarkedThenRandom	13	201	0	201	0	0	0	0
C10	201	5	0	0	50	69	58.0	0	0	0.0	0	0	0.0	0	0	0	0.0	UnmarkedThenRandom	14	201	0	201	0	0	0	0
C125	206	5	5	0	52	74	58.2	5	5	5.0	0	0	0.0	0	3	15	9.48	UnmarkedThenRandom	20	201	0	202	1	35	35	35.0
C132	206	5	5	0	51	72	60.6	5	5	5.0	0	0	0.0	0	4	17	10.36	UnmarkedThenRandom	21	210	0	211	1	83	83	83.0
C209	206	5	5	0	50	73	59.4	5	5	5.0	0	0	0.0	0	5	17	10.0	UnmarkedThenRandom	26	221	0	222	1	141	141	141.0
C214	206	5	5	0	54	63	58.4	5	5	5.0	0	0	0.0	0	3	15	9.6	UnmarkedThenRandom	23	213	0	214	1	142	142	142.0
C339	206	5	5	0	53	66	61.4	5	5	5.0	0	0	0.0	0	5	16	10.04	UnmarkedThenRandom	23	221	0	222	1	124	124	124.0
C346	206	5	5	0	54	71	63.4	5	5	5.0	0	0	0.0	0	3	17	10.8	UnmarkedThenRandom	18	201	0	201	0	0	0	0
C392	206	5	5	0	54	71	60.8	5	5	5.0	0	0	0.0	0	4	17	10.2	UnmarkedThenRandom	21	209	0	210	1	133	133	133.0
C463	206	5	5	0	54	68	60.8	5	5	5.0	0	0	0.0	0	2	17	9.8	UnmarkedThenRandom	20	205	0	206	1	41	41	41.0
C466	206	5	5	0	51	66	60.2	5	5	5.0	0	0	0.0	0	5	17	10.08	UnmarkedThenRandom	20	201	0	201	0	0	0	0
C474	206	5	5	0	47	69	60.2	5	5	5.0	0	0	0.0	0	5	15	10.28	UnmarkedThenRandom	21	209	0	210	1	100	100	100.0
C9414	211	5	10	0	53	69	59.4	10	10	10.0	0	0	0.0	0	2	10	5.28	UnmarkedThenRandom	22	201	0	201	0	0	0	0
C10166	211	5	10	0	52	70	60.2	10	10	10.0	0	0	0.0	0	2	11	5.46	UnmarkedThenRandom	22	208	0	209	1	100	100	100.0
C30747	211	5	10	0	55	71	62.0	10	10	10.0	0	0	0.0	0	2	12	5.72	UnmarkedThenRandom	23	208	0	209	1	164	164	164.0
C37578	211	5	10	0	52	66	61.4	10	10	10.0	0	0	0.0	0	2	12	5.6	UnmarkedThenRandom	22	203	0	204	1	40	40	40.0
C46767	211	5	10	0	56	63	59.6	10	10	10.0	0	0	0.0	0	2	12	5.4	UnmarkedThenRandom	24	215	0	216	1	139	139	139.0
C60285	211	5	10	0	55	64	60.6	10	10	10.0	0	0	0.0	0	1	14	5.54	UnmarkedThenRandom	21	206	0	207	1	138	138	138.0
C68691	211	5	10	0	48	68	60.2	10	10	10.0	0	0	0.0	0	1	10	5.24	UnmarkedThenRandom	21	201	0	201	0	0	0	0
C69205	211	5	10	0	58	68	62.0	10	10	10.0	0	0	0.0	0	2	11	5.72	UnmarkedThenRandom	22	205	0	206	1	66	66	66.0
C78320	211	5	10	0	51	67	59.8	10	10	10.0	0	0	0.0	0	0	10	5.6	UnmarkedThenRandom	25	213	0	214	1	90	90	90.0
C90372	211	5	10	0	49	71	62.4	10	10	10.0	0	0	0.0	0	2	10	5.68	UnmarkedThenRandom	21	203	0	204	1	25	25	25.0
C913478	216	5	15	0	53	84	65.4	15	15	15.0	0	0	0.0	0	0	11	4.04	UnmarkedThenRandom	23	207	0	208	1	166	166	166.0
C2187983	216	5	15	0	58	66	60.6	15	15	15.0	0	0	0.0	0	0	8	3.7733333333333334	UnmarkedThenRandom	24	201	0	201	0	0	0	0
C4926236	216	5	15	0	51	71	62.2	15	15	15.0	0	0	0.0	0	0	7	3.8133333333333335	UnmarkedThenRandom	24	208	0	209	1	112	112	112.0
C6425197	216	5	15	0	55	66	58.8	15	15	15.0	0	0	0.0	0	0	10	3.533333333333333	UnmarkedThenRandom	30	222	0	223	1	14	14	14.0
C6852353	216	5	15	0	49	78	59.6	15	15	15.0	0	0	0.0	0	0	11	3.7066666666666666	UnmarkedThenRandom	27	209	0	210	1	177	177	177.0
C8406660	216	5	15	0	52	62	56.8	15	15	15.0	0	0	0.0	0	0	9	3.5733333333333333	UnmarkedThenRandom	28	205	0	206	1	130	130	130.0
C8540650	216	5	15	0	49	69	58.2	15	15	15.0	0	0	0.0	0	1	8	3.6533333333333333	UnmarkedThenRandom	26	203	0	204	1	55	55	55.0
C8735382	216	5	15	0	50	70	59.4	15	15	15.0	0	0	0.0	0	0	10	3.6933333333333334	UnmarkedThenRandom	27	210	0	211	1	34	34	34.0
C8882277	216	5	15	0	56	66	60.2	15	15	15.0	0	0	0.0	0	0	8	3.72	UnmarkedThenRandom	29	235	0	236	1	127	127	127.0
C9712244	216	5	15	0	43	73	58.8	15	15	15.0	0	0	0.0	0	0	9	3.64	UnmarkedThenRandom	26	201	0	202	1	45	45	45.0
C9712245	269	5	0	1	53	84	65.0	0	0	0.0	0	1	0.2	1	0	0	0.0	UnmarkedThenRandom	15	273	0	273	0	0	0	0
C9712246	222	5	0	1	52	70	63.4	0	0	0.0	0	1	0.2	1	0	0	0.0	UnmarkedThenRandom	12	223	0	223	0	0	0	0
C9712247	262	5	0	1	58	91	66.0	0	0	0.0	0	1	0.2	1	0	0	0.0	UnmarkedThenRandom	13	262	0	262	0	0	0	0
C9712248	252	5	0	1	48	73	63.4	0	0	0.0	0	1	0.2	1	0	0	0.0	UnmarkedThenRandom	14	252	0	252	0	0	0	0
C9712249	223	5	0	1	55	64	59.2	0	0	0.0	0	1	0.2	1	0	0	0.0	UnmarkedThenRandom	15	220	0	220	0	0	0	0
C9712250	275	5	0	1	52	108	66.2	0	0	0.0	0	1	0.2	1	0	0	0.0	UnmarkedThenRandom	16	272	0	272	0	0	0	0
C9712251	223	5	0	1	53	68	60.8	0	0	0.0	0	1	0.2	1	0	0	0.0	UnmarkedThenRandom	13	224	0	224	0	0	0	0
C9712252	237	5	0	1	52	80	62.4	0	0	0.0	0	1	0.2	1	0	0	0.0	UnmarkedThenRandom	13	240	0	240	0	0	0	0
C9712253	214	5	0	1	51	73	61.6	0	0	0.0	0	1	0.2	1	0	0	0.0	UnmarkedThenRandom	13	214	0	214	0	0	0	0
C9712254	249	5	0	1	59	75	66.4	0	0	0.0	0	1	0.2	1	0	0	0.0	UnmarkedThenRandom	13	248	0	248	0	0	0	0
C9712300	219	5	5	1	57	69	63.6	5	5	5.0	0	0	0.0	0	4	23	10.8	UnmarkedThenRandom	23	220	0	222	2	2	146	74.0
C9712320	223	5	5	1	53	70	61.6	5	5	5.0	0	0	0.0	0	6	25	10.52	UnmarkedThenRandom	24	221	0	221	0	0	0	0
C9712379	225	5	5	1	56	71	59.8	5	5	5.0	0	0	0.0	0	6	17	9.84	UnmarkedThenRandom	26	239	0	241	2	64	124	94.0
C9712419	217	5	5	1	55	66	60.8	5	5	5.0	0	1	0.2	1	5	14	10.2	UnmarkedThenRandom	38	371	0	373	2	34	34	34.0
C9712495	218	5	5	1	57	67	61.8	5	5	5.0	0	0	0.0	0	5	21	11.12	UnmarkedThenRandom	26	229	0	230	1	159	159	159.0
C9712559	224	5	5	1	43	72	59.0	5	5	5.0	0	0	0.0	0	5	21	9.6	UnmarkedThenRandom	40	354	0	357	3	89	93	91.66666666666667
C9712572	227	5	5	1	56	70	62.8	5	5	5.0	0	1	0.2	1	6	15	9.68	UnmarkedThenRandom	21	220	0	220	0	0	0	0
C9712652	216	5	5	1	52	69	61.2	5	5	5.0	0	0	0.0	0	5	16	9.76	UnmarkedThenRandom	25	245	0	247	2	27	147	87.0
C9712689	228	5	5	1	56	71	60.6	5	5	5.0	0	1	0.2	1	5	15	9.52	UnmarkedThenRandom	35	342	0	344	2	101	101	101.0
C9712695	217	5	5	1	53	65	60.0	5	5	5.0	0	0	0.0	0	4	17	10.44	UnmarkedThenRandom	25	234	0	236	2	55	69	62.0
C9715112	223	5	10	1	54	77	64.6	10	10	10.0	0	0	0.0	0	1	14	5.84	UnmarkedThenRandom	29	274	0	276	2	58	58	58.0
C9717732	222	5	10	1	54	68	61.2	10	10	10.0	0	1	0.2	1	1	11	5.32	UnmarkedThenRandom	25	230	0	232	2	53	76	64.5
C9717866	221	5	10	1	48	73	60.2	10	10	10.0	0	0	0.0	0	1	19	5.48	UnmarkedThenRandom	28	229	0	231	2	26	176	101.0
C9723690	221	5	10	1	52	83	60.6	10	10	10.0	0	1	0.2	1	1	12	5.6	UnmarkedThenRandom	43	343	0	345	2	71	71	71.0
C9729774	220	5	10	1	51	70	60.8	10	10	10.0	0	0	0.0	0	1	12	5.42	UnmarkedThenRandom	28	220	0	222	2	40	60	50.0
C9730200	221	5	10	1	55	68	62.0	10	10	10.0	0	0	0.0	0	1	15	5.78	UnmarkedThenRandom	44	345	0	347	2	55	55	55.0
C9731008	224	5	10	1	52	73	60.6	10	10	10.0	0	0	0.0	0	0	12	5.44	UnmarkedThenRandom	40	316	0	318	1	257	257	257.0
C9732269	220	5	10	1	50	83	61.0	10	10	10.0	0	0	0.0	0	1	15	5.58	UnmarkedThenRandom	30	253	0	255	2	17	17	17.0
C9732364	224	5	10	1	52	68	59.2	10	10	10.0	0	0	0.0	0	1	15	5.32	UnmarkedThenRandom	40	307	0	309	2	59	59	59.0
C9733445	220	5	10	1	53	68	61.8	10	10	10.0	0	0	0.0	0	1	13	5.7	UnmarkedThenRandom	27	240	0	242	2	2	188	95.0
C9926755	227	5	15	1	50	64	58.8	15	15	15.0	0	0	0.0	0	1	12	3.7333333333333334	UnmarkedThenRandom	32	224	0	226	2	23	187	105.0
C9929279	226	5	15	1	53	69	60.8	15	15	15.0	0	0	0.0	0	0	12	3.9066666666666667	UnmarkedThenRandom	35	250	0	252	2	25	70	47.5
C10149177	226	5	15	1	56	72	60.0	15	15	15.0	0	0	0.0	0	1	13	3.9066666666666667	UnmarkedThenRandom	31	215	0	217	2	57	143	100.0
C10158257	228	5	15	1	55	67	59.6	15	15	15.0	0	0	0.0	0	0	14	3.76	UnmarkedThenRandom	32	228	0	230	2	26	138	82.0
C10446746	228	5	15	1	43	72	61.2	15	15	15.0	0	0	0.0	0	0	14	3.92	UnmarkedThenRandom	38	263	0	265	2	13	165	89.0
C10598570	229	5	15	1	52	68	61.6	15	15	15.0	0	0	0.0	0	0	9	3.933333333333333	UnmarkedThenRandom	31	243	0	245	2	36	167	101.5
C10645096	227	5	15	1	55	80	63.0	15	15	15.0	0	0	0.0	0	0	14	4.0	UnmarkedThenRandom	34	254	0	256	1	221	221	221.0
C10713607	227	5	15	1	51	71	62.6	15	15	15.0	0	0	0.0	0	1	13	3.986666666666667	UnmarkedThenRandom	31	230	0	232	2	51	109	80.0
C10741204	226	5	15	1	50	74	61.0	15	15	15.0	0	0	0.0	0	0	13	3.8933333333333335	UnmarkedThenRandom	44	328	0	330	2	96	96	96.0
C10862038	227	5	15	1	59	67	63.2	15	15	15.0	0	0	0.0	0	0	12	3.933333333333333	UnmarkedThenRandom	28	228	0	230	2	50	110	80.0
C10862039	292	5	0	2	52	98	65.2	0	0	0.0	0	2	0.4	1	0	0	0.0	UnmarkedThenRandom	18	292	0	292	0	0	0	0
C10862040	437	5	0	3	94	134	110.6	0	0	0.0	0	3	0.6	1	0	0	0.0	UnmarkedThenRandom	31	438	0	438	0	0	0	0
C10862041	286	5	0	2	56	74	65.6	0	0	0.0	0	1	0.2	1	0	0	0.0	UnmarkedThenRandom	16	286	0	286	0	0	0	0
C10862042	410	5	0	3	49	129	75.2	0	0	0.0	0	1	0.4	2	0	0	0.0	UnmarkedThenRandom	19	409	0	409	0	0	0	0
C10862043	358	5	0	3	72	107	88.0	0	0	0.0	0	1	0.4	2	0	0	0.0	UnmarkedThenRandom	21	349	0	349	0	0	0	0
C10862044	267	5	0	2	44	91	64.4	0	0	0.0	0	2	0.4	1	0	0	0.0	UnmarkedThenRandom	15	273	0	273	0	0	0	0
C10862045	261	5	0	2	55	86	64.0	0	0	0.0	0	2	0.4	1	0	0	0.0	UnmarkedThenRandom	16	256	0	256	0	0	0	0
C10862046	285	5	0	2	49	88	67.0	0	0	0.0	0	1	0.2	1	0	0	0.0	UnmarkedThenRandom	14	283	0	283	0	0	0	0
C10862047	269	5	0	2	48	82	64.4	0	0	0.0	0	1	0.2	1	0	0	0.0	UnmarkedThenRandom	14	268	0	268	0	0	0	0
C10862048	270	5	0	2	56	72	64.0	0	0	0.0	0	1	0.2	1	0	0	0.0	UnmarkedThenRandom	16	268	0	268	0	0	0	0
C10862051	235	5	5	2	59	72	65.8	5	5	5.0	0	0	0.0	0	6	19	11.12	UnmarkedThenRandom	37	334	0	337	2	102	117	109.5
C10862073	233	5	5	2	55	70	64.0	5	5	5.0	0	1	0.2	1	5	19	10.72	UnmarkedThenRandom	35	315	0	318	3	30	30	30.0
C10862075	230	5	5	2	54	71	60.8	5	5	5.0	0	0	0.0	0	4	21	10.36	UnmarkedThenRandom	38	314	0	316	2	70	70	70.0
C10862087	236	5	5	2	56	72	61.6	5	5	5.0	0	0	0.0	0	5	21	9.88	UnmarkedThenRandom	35	296	0	298	2	33	33	33.0
C10862100	233	5	5	2	54	70	61.4	5	5	5.0	0	1	0.2	1	5	21	10.16	UnmarkedThenRandom	48	439	0	443	4	74	83	79.5
C10862137	230	5	5	2	55	75	63.8	5	5	5.0	0	0	0.0	0	6	17	10.72	UnmarkedThenRandom	28	242	0	245	3	30	41	35.0
C10862201	239	5	5	2	55	73	62.6	5	5	5.0	0	1	0.2	1	3	21	9.8	UnmarkedThenRandom	32	278	0	280	2	34	34	34.0
C10862209	239	5	5	2	51	87	62.0	5	5	5.0	0	1	0.2	1	5	19	10.16	UnmarkedThenRandom	51	470	0	474	4	36	162	98.5
C10862223	231	5	5	2	55	76	64.8	5	5	5.0	0	1	0.2	1	4	18	10.6	UnmarkedThenRandom	30	291	0	292	1	105	105	105.0
C10862240	234	5	5	2	57	70	64.4	5	5	5.0	0	1	0.2	1	6	14	10.04	UnmarkedThenRandom	32	312	0	315	3	68	75	70.33333333333333
C10862919	240	5	10	2	56	77	66.2	10	10	10.0	0	0	0.0	0	1	15	5.98	UnmarkedThenRandom	37	315	0	316	1	156	156	156.0
C10863242	231	5	10	2	55	72	63.4	10	10	10.0	0	0	0.0	0	1	15	5.94	UnmarkedThenRandom	29	234	0	237	3	8	71	33.0
C10864483	235	5	10	2	51	79	63.4	10	10	10.0	0	1	0.2	1	2	21	5.78	UnmarkedThenRandom	52	438	0	441	3	98	98	98.0
C10865145	236	5	10	2	50	88	63.0	10	10	10.0	0	1	0.2	1	1	14	5.6	UnmarkedThenRandom	96	777	0	785	8	5	148	75.625
C10865432	236	5	10	2	58	69	63.2	10	10	10.0	0	0	0.0	0	1	14	6.06	UnmarkedThenRandom	52	258	0	261	3	40	96	64.66666666666667
C10867937	241	5	10	2	58	70	63.4	10	10	10.0	0	0	0.0	0	0	17	5.96	UnmarkedThenRandom	42	317	0	321	4	18	161	70.25
C10868000	235	5	10	2	55	68	61.6	10	10	10.0	0	0	0.0	0	1	14	5.76	UnmarkedThenRandom	32	250	0	253	3	3	175	69.33333333333333
C10868284	240	5	10	2	52	85	62.8	10	10	10.0	0	0	0.0	0	2	17	5.76	UnmarkedThenRandom	43	320	0	324	2	95	196	145.5
C10868355	233	5	10	2	50	79	61.8	10	10	10.0	0	0	0.0	0	1	16	5.76	UnmarkedThenRandom	30	232	0	234	2	20	35	27.5
C10868488	238	5	10	2	56	76	62.8	10	10	10.0	0	0	0.0	0	1	17	5.72	UnmarkedThenRandom	31	240	0	242	2	23	189	106.0
C10874140	236	5	15	2	57	71	65.8	15	15	15.0	0	0	0.0	0	0	12	4.173333333333333	UnmarkedThenRandom	34	250	0	252	2	77	148	112.5
C10886504	236	5	15	2	54	71	63.2	15	15	15.0	0	0	0.0	0	0	14	3.986666666666667	UnmarkedThenRandom	55	402	0	410	5	26	109	64.6
C10936388	239	5	15	2	50	75	62.2	15	15	15.0	0	0	0.0	0	0	18	3.84	UnmarkedThenRandom	34	242	0	245	3	39	112	75.0
C10986112	238	5	15	2	52	70	62.0	15	15	15.0	0	0	0.0	0	1	10	3.973333333333333	UnmarkedThenRandom	58	382	0	385	3	33	33	33.0
C11026434	243	5	15	2	57	78	66.4	15	15	15.0	0	0	0.0	0	0	18	4.12	UnmarkedThenRandom	63	470	0	477	5	54	108	76.8
C11121540	237	5	15	2	51	77	63.4	15	15	15.0	0	0	0.0	0	0	18	4.066666666666666	UnmarkedThenRandom	37	271	0	273	2	38	38	38.0
C11172949	234	5	15	2	55	75	63.2	15	15	15.0	0	0	0.0	0	0	9	3.933333333333333	UnmarkedThenRandom	33	236	0	239	3	4	129	70.33333333333333
C11176540	241	5	15	2	48	73	62.8	15	15	15.0	0	0	0.0	0	0	18	4.04	UnmarkedThenRandom	34	242	0	245	3	10	123	68.0
C11194297	235	5	15	2	58	73	64.2	15	15	15.0	0	1	0.2	1	0	16	3.986666666666667	UnmarkedThenRandom	41	277	0	280	3	10	30	23.333333333333332
C11235793	238	5	15	2	50	71	62.6	15	15	15.0	0	0	0.0	0	1	12	3.986666666666667	UnmarkedThenRandom	37	264	0	268	3	24	153	74.0
C11235794	342	5	0	4	53	112	72.6	0	0	0.0	0	2	0.4	1	0	0	0.0	UnmarkedThenRandom	21	337	0	337	0	0	0	0
C11235795	360	5	0	5	74	109	88.0	0	0	0.0	0	1	0.4	2	0	0	0.0	UnmarkedThenRandom	23	355	0	355	0	0	0	0
C11235796	454	5	0	5	81	158	110.4	0	0	0.0	0	5	1.0	1	0	0	0.0	UnmarkedThenRandom	32	455	0	455	0	0	0	0
C11235797	443	5	0	5	80	152	111.0	0	0	0.0	0	3	0.6	1	0	0	0.0	UnmarkedThenRandom	31	441	0	441	0	0	0	0
C11235798	294	5	0	3	51	94	69.6	0	0	0.0	0	1	0.2	1	0	0	0.0	UnmarkedThenRandom	15	295	0	295	0	0	0	0
C11235799	413	5	0	5	68	112	94.8	0	0	0.0	0	1	0.4	2	0	0	0.0	UnmarkedThenRandom	26	411	0	411	0	0	0	0
C11235800	292	5	0	3	54	88	65.8	0	0	0.0	0	2	0.4	1	0	0	0.0	UnmarkedThenRandom	17	292	0	292	0	0	0	0
C11235801	293	5	0	3	45	85	64.0	0	0	0.0	0	2	0.4	1	0	0	0.0	UnmarkedThenRandom	17	303	0	303	0	0	0	0
C11235802	298	5	0	3	57	102	71.6	0	0	0.0	0	3	0.6	1	0	0	0.0	UnmarkedThenRandom	15	291	0	291	0	0	0	0
C11235803	437	5	0	5	72	131	98.4	0	0	0.0	0	1	0.4	2	0	0	0.0	UnmarkedThenRandom	27	429	0	429	0	0	0	0
C11235813	246	5	5	3	52	78	67.6	5	5	5.0	0	1	0.2	1	3	19	10.92	UnmarkedThenRandom	64	568	0	573	5	39	212	73.6
C11235831	250	5	5	3	62	64	63.2	5	5	5.0	0	0	0.0	0	5	19	10.32	UnmarkedThenRandom	74	598	0	599	1	121	121	121.0
C11235834	252	5	5	3	58	70	63.6	5	5	5.0	0	1	0.2	1	3	22	10.48	UnmarkedThenRandom	56	494	0	499	5	68	123	84.4
C11235847	248	5	5	3	56	81	65.0	5	5	5.0	0	1	0.2	1	6	18	11.24	UnmarkedThenRandom	30	247	0	249	2	3	83	43.0
C11235882	281	5	5	4	58	107	73.4	5	5	5.0	0	0	0.0	0	6	51	12.68	UnmarkedThenRandom	60	438	0	440	1	388	388	388.0
C11235889	267	5	5	3	50	86	64.2	5	5	5.0	0	0	0.0	0	5	25	10.88	UnmarkedThenRandom	69	534	0	542	8	13	153	60.125
C11235897	238	5	5	3	47	79	62.4	5	5	5.0	0	1	0.2	1	4	17	10.48	UnmarkedThenRandom	35	286	0	287	1	229	229	229.0
C11235899	292	5	5	4	51	86	72.8	5	5	5.0	0	0	0.0	0	6	41	12.56	UnmarkedThenRandom	79	548	0	556	3	17	230	134.33333333333334
C11235901	254	5	5	3	57	69	62.2	5	5	5.0	0	1	0.2	1	6	23	10.24	UnmarkedThenRandom	99	749	0	761	12	9	76	47.166666666666664
C11235902	270	5	5	4	56	87	68.2	5	5	5.0	0	1	0.2	1	5	30	11.96	UnmarkedThenRandom	63	463	0	468	4	72	169	96.25
C11236089	249	5	10	3	53	76	61.6	10	10	10.0	0	0	0.0	0	1	16	5.82	UnmarkedThenRandom	42	284	0	288	3	36	176	82.66666666666667
C11236113	248	5	10	3	57	75	64.8	10	10	10.0	0	1	0.2	1	2	16	5.92	UnmarkedThenRandom	48	379	0	383	4	24	89	57.75
C11236204	247	5	10	3	56	81	63.2	10	10	10.0	0	0	0.0	0	1	15	5.8	UnmarkedThenRandom	47	341	0	346	4	2	228	80.25
C11236370	251	5	10	3	53	76	63.0	10	10	10.0	0	0	0.0	0	2	21	5.78	UnmarkedThenRandom	86	623	0	637	12	2	181	48.333333333333336
C11236527	249	5	10	3	56	72	64.0	10	10	10.0	0	0	0.0	0	1	16	5.96	UnmarkedThenRandom	43	316	0	321	3	15	206	83.66666666666667
C11236686	250	5	10	3	49	78	64.8	10	10	10.0	0	0	0.0	0	0	18	5.98	UnmarkedThenRandom	50	342	0	346	4	22	91	55.75
C11237945	249	5	10	3	52	72	65.4	10	10	10.0	0	0	0.0	0	0	18	5.96	UnmarkedThenRandom	42	290	0	295	5	2	92	53.0
C11238478	265	5	10	4	58	82	67.0	10	10	10.0	0	1	0.2	1	2	22	6.22	UnmarkedThenRandom	73	514	0	522	8	21	25	23.0
C11238511	246	5	10	3	52	73	62.0	10	10	10.0	0	0	0.0	0	1	15	5.58	UnmarkedThenRandom	83	572	0	578	6	19	135	78.0
C11238725	248	5	10	3	53	74	64.0	10	10	10.0	0	0	0.0	0	0	15	5.5	UnmarkedThenRandom	59	458	0	464	5	2	151	75.4
C11269707	249	5	15	3	53	87	64.6	15	15	15.0	0	0	0.0	0	0	12	4.12	UnmarkedThenRandom	46	320	0	325	3	47	121	87.66666666666667
C11270808	250	5	15	3	56	74	64.8	15	15	15.0	0	1	0.2	1	0	12	4.04	UnmarkedThenRandom	100	718	0	728	9	9	152	71.33333333333333
C11295162	244	5	15	3	56	66	62.0	15	15	15.0	0	1	0.2	1	0	14	3.88	UnmarkedThenRandom	64	429	0	429	0	0	0	0
C11295598	247	5	15	3	57	67	63.6	15	15	15.0	0	0	0.0	0	1	11	4.053333333333334	UnmarkedThenRandom	51	323	0	328	5	29	131	58.8
C11305751	248	5	15	3	58	73	65.0	15	15	15.0	0	0	0.0	0	0	14	4.013333333333334	UnmarkedThenRandom	54	380	0	381	1	266	266	266.0
C11320592	248	5	15	3	53	78	65.0	15	15	15.0	0	0	0.0	0	0	10	4.0	UnmarkedThenRandom	59	434	0	440	5	35	138	79.4
C11340216	254	5	15	3	60	76	64.0	15	15	15.0	0	0	0.0	0	0	14	4.08	UnmarkedThenRandom	65	449	0	458	6	3	136	71.0
C11356971	250	5	15	3	56	77	64.2	15	15	15.0	0	0	0.0	0	0	21	4.066666666666666	UnmarkedThenRandom	54	347	0	353	4	19	200	84.0
C11362345	245	5	15	3	62	82	67.4	15	15	15.0	0	0	0.0	0	0	20	4.226666666666667	UnmarkedThenRandom	46	334	0	338	1	264	264	264.0
C11362705	251	5	15	3	59	67	63.0	15	15	15.0	0	0	0.0	0	0	23	4.093333333333334	UnmarkedThenRandom	66	387	0	387	0	0	0	0
C11362706	564	5	0	7	95	154	113.8	0	0	0.0	0	3	0.6	1	0	0	0.0	UnmarkedThenRandom	44	567	0	567	0	0	0	0
C11362707	522	5	0	8	106	173	126.4	0	0	0.0	0	1	0.4	2	0	0	0.0	UnmarkedThenRandom	41	525	0	525	0	0	0	0
C11362708	262	5	0	4	50	90	65.4	0	0	0.0	0	2	0.4	1	0	0	0.0	UnmarkedThenRandom	16	261	0	261	0	0	0	0
C11362709	525	5	0	7	96	168	119.6	0	0	0.0	0	1	0.4	2	0	0	0.0	UnmarkedThenRandom	36	530	0	530	0	0	0	0
C11362710	436	5	0	7	78	131	99.4	0	0	0.0	0	1	0.4	2	0	0	0.0	UnmarkedThenRandom	32	434	0	434	0	0	0	0
C11362711	454	5	0	7	68	119	97.4	0	0	0.0	0	1	0.4	2	0	0	0.0	UnmarkedThenRandom	33	444	0	444	0	0	0	0
C11362712	555	5	0	7	98	160	114.0	0	0	0.0	0	2	0.6	2	0	0	0.0	UnmarkedThenRandom	37	553	0	553	0	0	0	0
C11362713	367	5	0	6	49	96	70.2	0	0	0.0	0	2	0.4	1	0	0	0.0	UnmarkedThenRandom	19	360	0	360	0	0	0	0
C11362714	536	5	0	9	85	142	114.2	0	0	0.0	0	1	0.4	2	0	0	0.0	UnmarkedThenRandom	30	554	0	554	0	0	0	0
C11362715	520	5	0	7	93	137	113.0	0	0	0.0	0	1	0.4	2	0	0	0.0	UnmarkedThenRandom	35	514	0	514	0	0	0	0
C11362716	259	5	5	4	50	74	64.6	5	5	5.0	0	0	0.0	0	6	24	11.36	UnmarkedThenRandom	56	429	0	435	5	3	127	75.4
C11362728	272	5	5	4	45	79	67.8	5	5	5.0	0	1	0.2	1	5	21	11.04	UnmarkedThenRandom	53	445	0	449	4	60	74	69.0
C11362729	264	5	5	4	52	73	65.8	5	5	5.0	0	1	0.2	1	5	19	10.52	UnmarkedThenRandom	66	518	0	524	6	27	108	74.16666666666667
C11362737	306	5	5	6	52	81	71.6	5	5	5.0	0	1	0.4	2	3	20	9.72	UnmarkedThenRandom	62	563	0	569	6	35	71	46.833333333333336
C11362741	295	5	5	5	58	86	73.8	5	5	5.0	0	1	0.2	1	5	36	12.44	UnmarkedThenRandom	146	958	0	968	7	15	189	123.14285714285714
C11362752	282	5	5	5	57	93	70.0	5	5	5.0	0	1	0.2	1	5	29	11.24	UnmarkedThenRandom	91	624	0	634	8	3	148	68.75
C11362759	282	5	5	6	57	84	72.6	5	5	5.0	0	0	0.0	0	4	30	12.0	UnmarkedThenRandom	56	424	0	431	3	10	272	113.66666666666667
C11362766	265	5	5	4	46	84	66.2	5	5	5.0	0	0	0.0	0	5	25	11.32	UnmarkedThenRandom	51	376	0	381	5	18	145	67.0
C11362769	264	5	5	4	56	78	65.4	5	5	5.0	0	0	0.0	0	6	26	11.76	UnmarkedThenRandom	80	560	0	570	8	12	100	61.375
C11362770	256	5	5	4	53	89	67.6	5	5	5.0	0	2	0.4	1	7	19	10.88	UnmarkedThenRandom	79	705	0	712	6	2	233	105.66666666666667
C11363123	258	5	10	4	53	78	65.0	10	10	10.0	0	0	0.0	0	2	16	5.84	UnmarkedThenRandom	57	416	0	421	5	21	78	44.2
C11363207	259	5	10	4	59	68	63.2	10	10	10.0	0	0	0.0	0	0	14	5.9	UnmarkedThenRandom	42	279	0	282	2	10	219	114.5
C11363405	254	5	10	4	51	87	68.2	10	10	10.0	0	0	0.0	0	1	15	6.14	UnmarkedThenRandom	47	367	0	373	3	55	156	114.33333333333333
C11363513	248	5	10	4	56	70	63.2	10	10	10.0	0	0	0.0	0	2	17	5.84	UnmarkedThenRandom	79	601	0	608	7	57	192	76.28571428571429
C11363565	259	5	10	4	51	83	65.0	10	10	10.0	0	0	0.0	0	2	18	6.08	UnmarkedThenRandom	47	347	0	352	5	37	165	64.8
C11363769	257	5	10	4	51	75	64.6	10	10	10.0	0	1	0.2	1	1	17	5.84	UnmarkedThenRandom	64	464	0	468	4	52	52	52.0
C11363871	279	5	10	5	52	87	68.6	10	10	10.0	0	1	0.2	1	0	20	6.18	UnmarkedThenRandom	85	619	0	627	2	221	260	240.5
C11363881	282	5	10	5	56	95	71.2	10	10	10.0	0	0	0.0	0	2	45	6.68	UnmarkedThenRandom	133	891	0	902	6	4	290	144.83333333333334
C11364045	258	5	10	4	50	80	68.6	10	10	10.0	0	1	0.2	1	0	19	5.82	UnmarkedThenRandom	77	642	0	646	4	113	114	113.5
C11364139	255	5	10	4	57	80	67.4	10	10	10.0	0	0	0.0	0	0	15	6.24	UnmarkedThenRandom	101	770	0	782	7	18	178	99.85714285714286
C11365604	264	5	15	4	49	79	64.0	15	15	15.0	0	0	0.0	0	0	14	4.066666666666666	UnmarkedThenRandom	73	458	0	467	7	18	68	40.57142857142857
C11381244	255	5	15	4	54	91	64.2	15	15	15.0	0	0	0.0	0	1	19	4.04	UnmarkedThenRandom	80	514	0	521	2	141	346	243.5
C11387360	259	5	15	4	54	86	66.2	15	15	15.0	0	0	0.0	0	1	15	4.213333333333333	UnmarkedThenRandom	55	364	0	369	5	9	56	27.0
C11393386	286	5	15	5	58	75	68.4	15	15	15.0	0	1	0.2	1	0	21	4.293333333333333	UnmarkedThenRandom	71	419	0	424	4	60	186	91.5
C11405359	254	5	15	4	56	80	66.4	15	15	15.0	0	0	0.0	0	0	14	4.2	UnmarkedThenRandom	121	824	0	837	9	2	187	89.55555555555556
C11421447	263	5	15	4	61	70	64.2	15	15	15.0	0	0	0.0	0	0	15	3.96	UnmarkedThenRandom	56	354	0	362	5	5	173	61.8
C11422335	259	5	15	4	50	77	63.2	15	15	15.0	0	0	0.0	0	0	12	4.08	UnmarkedThenRandom	50	310	0	314	3	32	196	88.33333333333333
C11429254	256	5	15	4	57	74	65.0	15	15	15.0	0	0	0.0	0	0	15	4.066666666666666	UnmarkedThenRandom	61	380	0	385	2	3	362	182.5
C11441074	261	5	15	4	58	75	66.4	15	15	15.0	0	0	0.0	0	0	14	4.1066666666666665	UnmarkedThenRandom	62	418	0	425	3	109	176	132.33333333333334
C11444018	253	5	15	4	55	75	66.2	15	15	15.0	0	1	0.2	1	0	15	4.066666666666666	UnmarkedThenRandom	90	632	0	639	6	13	166	96.83333333333333
C11444019	811	5	0	15	131	233	184.2	0	0	0.0	0	1	0.6	3	0	0	0.0	UnmarkedThenRandom	78	817	0	817	0	0	0	0
C11444020	441	5	0	9	75	115	101.8	0	0	0.0	0	1	0.4	2	0	0	0.0	UnmarkedThenRandom	30	447	0	447	0	0	0	0
C11444021	289	5	0	5	50	79	70.8	0	0	0.0	0	2	0.4	1	0	0	0.0	UnmarkedThenRandom	17	294	0	294	0	0	0	0
C11444022	537	5	0	9	94	205	125.2	0	0	0.0	0	5	1.0	1	0	0	0.0	UnmarkedThenRandom	36	532	0	532	0	0	0	0
C11444023	966	5	0	15	86	325	145.8	0	0	0.0	0	11	2.2	1	0	0	0.0	UnmarkedThenRandom	57	972	0	972	0	0	0	0
C11444024	636	5	0	11	108	160	135.8	0	0	0.0	0	1	0.4	2	0	0	0.0	UnmarkedThenRandom	50	636	0	636	0	0	0	0
C11444025	738	5	0	11	130	222	163.0	0	0	0.0	0	2	0.6	2	0	0	0.0	UnmarkedThenRandom	55	736	0	736	0	0	0	0
C11444026	342	5	0	7	55	98	71.8	0	0	0.0	0	1	0.2	1	0	0	0.0	UnmarkedThenRandom	20	350	0	350	0	0	0	0
C11444027	753	5	0	11	105	221	166.2	0	0	0.0	0	3	0.8	2	0	0	0.0	UnmarkedThenRandom	50	743	0	743	0	0	0	0
C11444028	330	5	0	5	54	116	71.4	0	0	0.0	0	2	0.4	1	0	0	0.0	UnmarkedThenRandom	18	330	0	330	0	0	0	0
C11444030	275	5	5	5	55	74	69.2	5	5	5.0	0	1	0.2	1	5	22	11.16	UnmarkedThenRandom	64	522	0	529	6	35	129	72.16666666666667
C11444033	279	5	5	5	58	77	67.0	5	5	5.0	0	0	0.0	0	6	22	11.64	UnmarkedThenRandom	57	399	0	404	4	42	59	47.0
C11444043	270	5	5	5	48	79	66.6	5	5	5.0	0	1	0.2	1	3	24	11.28	UnmarkedThenRandom	79	562	0	568	5	53	199	100.2
C11444046	286	5	5	5	55	100	72.4	5	5	5.0	0	0	0.0	0	5	28	12.16	UnmarkedThenRandom	73	573	0	585	12	3	106	44.0
C11444048	273	5	5	5	50	73	63.0	5	5	5.0	0	1	0.2	1	2	20	11.16	UnmarkedThenRandom	173	1200	0	1218	16	6	182	67.1875
C11444065	314	5	5	6	53	99	73.4	5	5	5.0	0	1	0.4	2	4	29	11.12	UnmarkedThenRandom	112	835	0	847	12	7	162	60.916666666666664
C11444075	320	5	5	6	66	93	79.2	5	5	5.0	0	0	0.0	0	4	40	14.12	UnmarkedThenRandom	89	556	0	561	5	43	107	65.4
C11444081	312	5	5	6	65	98	78.4	5	5	5.0	0	0	0.0	0	4	46	14.04	UnmarkedThenRandom	55	361	0	366	4	9	256	82.5
C11444093	277	5	5	5	54	75	67.4	5	5	5.0	0	1	0.2	1	6	24	11.32	UnmarkedThenRandom	89	647	0	654	7	12	145	71.14285714285714
C11444102	271	5	5	5	57	80	68.0	5	5	5.0	0	1	0.2	1	6	30	11.24	UnmarkedThenRandom	103	794	0	804	9	2	164	83.22222222222223
C11444182	277	5	10	5	63	79	68.0	10	10	10.0	0	1	0.2	1	1	17	6.18	UnmarkedThenRandom	66	478	0	488	7	5	128	62.714285714285715
C11444275	296	5	10	6	69	74	70.8	10	10	10.0	0	0	0.0	0	1	23	6.5	UnmarkedThenRandom	119	692	0	702	10	19	120	45.6
C11444349	270	5	10	5	62	79	67.0	10	10	10.0	0	0	0.0	0	1	14	5.96	UnmarkedThenRandom	49	348	0	354	4	63	112	78.75
C11444459	267	5	10	5	63	77	67.0	10	10	10.0	0	0	0.0	0	1	15	6.14	UnmarkedThenRandom	56	376	0	383	6	2	149	50.833333333333336
C11444525	275	5	10	5	54	76	66.6	10	10	10.0	0	1	0.2	1	1	17	6.16	UnmarkedThenRandom	157	1071	0	1089	15	7	188	69.06666666666666
C11444590	304	5	10	6	64	90	73.4	10	10	10.0	0	0	0.0	0	2	26	6.98	UnmarkedThenRandom	183	1180	0	1192	4	2	569	274.5
C11444735	270	5	10	5	49	99	67.2	10	10	10.0	0	0	0.0	0	0	20	6.04	UnmarkedThenRandom	98	683	0	697	13	20	156	50.53846153846154
C11444823	273	5	10	5	57	75	67.4	10	10	10.0	0	1	0.2	1	2	18	6.26	UnmarkedThenRandom	242	1669	0	1693	13	4	424	122.38461538461539
C11444853	269	5	10	5	62	75	70.2	10	10	10.0	0	0	0.0	0	1	18	6.68	UnmarkedThenRandom	124	872	0	887	11	2	184	77.45454545454545
C11444861	264	5	10	5	57	76	67.8	10	10	10.0	0	0	0.0	0	1	18	6.22	UnmarkedThenRandom	91	649	0	654	4	98	325	155.25
C11446281	275	5	15	5	64	74	68.0	15	15	15.0	0	1	0.2	1	1	14	4.1466666666666665	UnmarkedThenRandom	87	603	0	611	8	27	305	61.75
C11451584	270	5	15	5	50	87	67.0	15	15	15.0	0	1	0.2	1	0	19	4.1466666666666665	UnmarkedThenRandom	134	913	0	928	9	12	184	94.22222222222223
C11456016	274	5	15	5	56	77	67.8	15	15	15.0	0	1	0.2	1	0	13	4.2	UnmarkedThenRandom	164	1079	0	1098	19	2	137	51.0
C11456569	267	5	15	5	60	75	66.6	15	15	15.0	0	1	0.2	1	0	16	4.12	UnmarkedThenRandom	103	662	0	675	8	3	191	77.5
C11456846	266	5	15	5	59	77	66.6	15	15	15.0	0	0	0.0	0	0	15	4.1866666666666665	UnmarkedThenRandom	73	462	0	468	5	8	119	80.6
C11458034	269	5	15	5	53	81	66.4	15	15	15.0	0	0	0.0	0	1	19	4.226666666666667	UnmarkedThenRandom	96	589	0	599	9	17	86	46.666666666666664
C11458795	273	5	15	5	51	92	67.8	15	15	15.0	0	1	0.2	1	0	14	4.1066666666666665	UnmarkedThenRandom	118	784	0	787	3	189	330	237.66666666666666
C11461096	264	5	15	5	59	74	66.2	15	15	15.0	0	0	0.0	0	0	13	4.253333333333333	UnmarkedThenRandom	155	981	0	1004	16	2	169	60.75
C11464406	278	5	15	5	60	70	66.6	15	15	15.0	0	1	0.2	1	0	15	3.9466666666666668	UnmarkedThenRandom	75	495	0	498	3	4	328	119.66666666666667
C11466317	263	5	15	5	57	76	67.2	15	15	15.0	0	0	0.0	0	0	14	4.266666666666667	UnmarkedThenRandom	140	891	0	909	14	6	242	62.57142857142857
