id	numberOfActions	numberOfProcesses	numberOfProcedures	numberOfConditionals	minLengthOfProcesses	maxLengthOfProcesses	avgLengthOfProcesses	minNumberOfProceduresInProcesses	maxNumberOfProceduresInProcesses	avgNumberOfProceduresInProcesses	minNumberOfConditionalsInProcesses	maxNumberOfConditionalsInProcesses	avgNumberOfConditionalsInProcesses	numberOfProcessesWithConditionals	minProcedureLengthInProcesses	maxProcedureLengthInProcesses	avgProcedureLengthInProcesses	strategy	time(msec)	nodes	badLoops	mainLength	numOfProcedures	minProcedureLength	maxProcedureLength	avgProcedureLength
C1	201	5	0	0	54	65	59.2	0	0	0.0	0	0	0.0	0	0	0	0.0	UnmarkedFirst	11	201	0	201	0	0	0	0
C2	201	5	0	0	53	70	62.0	0	0	0.0	0	0	0.0	0	0	0	0.0	UnmarkedFirst	11	201	0	201	0	0	0	0
C3	201	5	0	0	55	70	61.4	0	0	0.0	0	0	0.0	0	0	0	0.0	UnmarkedFirst	11	201	0	201	0	0	0	0
C4	201	5	0	0	51	65	58.6	0	0	0.0	0	0	0.0	0	0	0	0.0	UnmarkedFirst	12	201	0	201	0	0	0	0
C5	201	5	0	0	53	67	61.8	0	0	0.0	0	0	0.0	0	0	0	0.0	UnmarkedFirst	11	201	0	201	0	0	0	0
C6	201	5	0	0	48	68	58.0	0	0	0.0	0	0	0.0	0	0	0	0.0	UnmarkedFirst	12	201	0	201	0	0	0	0
C7	201	5	0	0	50	68	60.0	0	0	0.0	0	0	0.0	0	0	0	0.0	UnmarkedFirst	12	201	0	201	0	0	0	0
C8	201	5	0	0	52	67	59.2	0	0	0.0	0	0	0.0	0	0	0	0.0	UnmarkedFirst	11	201	0	201	0	0	0	0
C9	201	5	0	0	46	68	60.0	0	0	0.0	0	0	0.0	0	0	0	0.0	UnmarkedFirst	12	201	0	201	0	0	0	0
C10	201	5	0	0	50	69	58.0	0	0	0.0	0	0	0.0	0	0	0	0.0	UnmarkedFirst	12	201	0	201	0	0	0	0
C125	206	5	5	0	52	74	58.2	5	5	5.0	0	0	0.0	0	3	15	9.48	UnmarkedFirst	19	201	0	202	1	35	35	35.0
C132	206	5	5	0	51	72	60.6	5	5	5.0	0	0	0.0	0	4	17	10.36	UnmarkedFirst	22	210	0	211	1	83	83	83.0
C209	206	5	5	0	50	73	59.4	5	5	5.0	0	0	0.0	0	5	17	10.0	UnmarkedFirst	23	220	0	221	1	141	141	141.0
C214	206	5	5	0	54	63	58.4	5	5	5.0	0	0	0.0	0	3	15	9.6	UnmarkedFirst	25	237	0	238	1	142	142	142.0
C339	206	5	5	0	53	66	61.4	5	5	5.0	0	0	0.0	0	5	16	10.04	UnmarkedFirst	22	221	0	222	1	124	124	124.0
C346	206	5	5	0	54	71	63.4	5	5	5.0	0	0	0.0	0	3	17	10.8	UnmarkedFirst	19	201	0	201	0	0	0	0
C392	206	5	5	0	54	71	60.8	5	5	5.0	0	0	0.0	0	4	17	10.2	UnmarkedFirst	20	208	0	209	1	133	133	133.0
C463	206	5	5	0	54	68	60.8	5	5	5.0	0	0	0.0	0	2	17	9.8	UnmarkedFirst	19	204	0	205	1	41	41	41.0
C466	206	5	5	0	51	66	60.2	5	5	5.0	0	0	0.0	0	5	17	10.08	UnmarkedFirst	21	201	0	201	0	0	0	0
C474	206	5	5	0	47	69	60.2	5	5	5.0	0	0	0.0	0	5	15	10.28	UnmarkedFirst	26	209	0	210	1	100	100	100.0
C9414	211	5	10	0	53	69	59.4	10	10	10.0	0	0	0.0	0	2	10	5.28	UnmarkedFirst	22	201	0	201	0	0	0	0
C10166	211	5	10	0	52	70	60.2	10	10	10.0	0	0	0.0	0	2	11	5.46	UnmarkedFirst	23	217	0	218	1	100	100	100.0
C30747	211	5	10	0	55	71	62.0	10	10	10.0	0	0	0.0	0	2	12	5.72	UnmarkedFirst	23	208	0	209	1	164	164	164.0
C37578	211	5	10	0	52	66	61.4	10	10	10.0	0	0	0.0	0	2	12	5.6	UnmarkedFirst	22	203	0	204	1	40	40	40.0
C46767	211	5	10	0	56	63	59.6	10	10	10.0	0	0	0.0	0	2	12	5.4	UnmarkedFirst	24	215	0	216	1	139	139	139.0
C60285	211	5	10	0	55	64	60.6	10	10	10.0	0	0	0.0	0	1	14	5.54	UnmarkedFirst	22	206	0	207	1	138	138	138.0
C68691	211	5	10	0	48	68	60.2	10	10	10.0	0	0	0.0	0	1	10	5.24	UnmarkedFirst	20	201	0	201	0	0	0	0
C69205	211	5	10	0	58	68	62.0	10	10	10.0	0	0	0.0	0	2	11	5.72	UnmarkedFirst	22	205	0	206	1	66	66	66.0
C78320	211	5	10	0	51	67	59.8	10	10	10.0	0	0	0.0	0	0	10	5.6	UnmarkedFirst	24	213	0	214	1	90	90	90.0
C90372	211	5	10	0	49	71	62.4	10	10	10.0	0	0	0.0	0	2	10	5.68	UnmarkedFirst	21	204	0	205	1	25	25	25.0
C913478	216	5	15	0	53	84	65.4	15	15	15.0	0	0	0.0	0	0	11	4.04	UnmarkedFirst	23	203	0	204	1	166	166	166.0
C2187983	216	5	15	0	58	66	60.6	15	15	15.0	0	0	0.0	0	0	8	3.7733333333333334	UnmarkedFirst	25	201	0	201	0	0	0	0
C4926236	216	5	15	0	51	71	62.2	15	15	15.0	0	0	0.0	0	0	7	3.8133333333333335	UnmarkedFirst	29	236	0	237	1	112	112	112.0
C6425197	216	5	15	0	55	66	58.8	15	15	15.0	0	0	0.0	0	0	10	3.533333333333333	UnmarkedFirst	28	223	0	224	1	14	14	14.0
C6852353	216	5	15	0	49	78	59.6	15	15	15.0	0	0	0.0	0	0	11	3.7066666666666666	UnmarkedFirst	26	209	0	210	1	177	177	177.0
C8406660	216	5	15	0	52	62	56.8	15	15	15.0	0	0	0.0	0	0	9	3.5733333333333333	UnmarkedFirst	27	205	0	206	1	130	130	130.0
C8540650	216	5	15	0	49	69	58.2	15	15	15.0	0	0	0.0	0	1	8	3.6533333333333333	UnmarkedFirst	28	203	0	204	1	55	55	55.0
C8735382	216	5	15	0	50	70	59.4	15	15	15.0	0	0	0.0	0	0	10	3.6933333333333334	UnmarkedFirst	27	210	0	211	1	34	34	34.0
C8882277	216	5	15	0	56	66	60.2	15	15	15.0	0	0	0.0	0	0	8	3.72	UnmarkedFirst	39	235	0	236	1	127	127	127.0
C9712244	216	5	15	0	43	73	58.8	15	15	15.0	0	0	0.0	0	0	9	3.64	UnmarkedFirst	27	201	0	202	1	45	45	45.0
C9712245	269	5	0	1	53	84	65.0	0	0	0.0	0	1	0.2	1	0	0	0.0	UnmarkedFirst	14	274	0	274	0	0	0	0
C9712246	222	5	0	1	52	70	63.4	0	0	0.0	0	1	0.2	1	0	0	0.0	UnmarkedFirst	12	223	0	223	0	0	0	0
C9712247	262	5	0	1	58	91	66.0	0	0	0.0	0	1	0.2	1	0	0	0.0	UnmarkedFirst	14	262	0	262	0	0	0	0
C9712248	252	5	0	1	48	73	63.4	0	0	0.0	0	1	0.2	1	0	0	0.0	UnmarkedFirst	13	251	0	251	0	0	0	0
C9712249	223	5	0	1	55	64	59.2	0	0	0.0	0	1	0.2	1	0	0	0.0	UnmarkedFirst	13	221	0	221	0	0	0	0
C9712250	275	5	0	1	52	108	66.2	0	0	0.0	0	1	0.2	1	0	0	0.0	UnmarkedFirst	16	272	0	272	0	0	0	0
C9712251	223	5	0	1	53	68	60.8	0	0	0.0	0	1	0.2	1	0	0	0.0	UnmarkedFirst	12	222	0	222	0	0	0	0
C9712252	237	5	0	1	52	80	62.4	0	0	0.0	0	1	0.2	1	0	0	0.0	UnmarkedFirst	13	240	0	240	0	0	0	0
C9712253	214	5	0	1	51	73	61.6	0	0	0.0	0	1	0.2	1	0	0	0.0	UnmarkedFirst	13	214	0	214	0	0	0	0
C9712254	249	5	0	1	59	75	66.4	0	0	0.0	0	1	0.2	1	0	0	0.0	UnmarkedFirst	13	248	0	248	0	0	0	0
C9712300	219	5	5	1	57	69	63.6	5	5	5.0	0	0	0.0	0	4	23	10.8	UnmarkedFirst	23	221	0	223	1	148	148	148.0
C9712320	223	5	5	1	53	70	61.6	5	5	5.0	0	0	0.0	0	6	25	10.52	UnmarkedFirst	24	220	0	220	0	0	0	0
C9712379	225	5	5	1	56	71	59.8	5	5	5.0	0	0	0.0	0	6	17	9.84	UnmarkedFirst	26	239	0	241	2	64	124	94.0
C9712419	217	5	5	1	55	66	60.8	5	5	5.0	0	1	0.2	1	5	14	10.2	UnmarkedFirst	38	371	0	373	2	34	34	34.0
C9712495	218	5	5	1	57	67	61.8	5	5	5.0	0	0	0.0	0	5	21	11.12	UnmarkedFirst	26	230	0	231	1	160	160	160.0
C9712559	224	5	5	1	43	72	59.0	5	5	5.0	0	0	0.0	0	5	21	9.6	UnmarkedFirst	39	354	0	357	3	89	93	91.66666666666667
C9712572	227	5	5	1	56	70	62.8	5	5	5.0	0	1	0.2	1	6	15	9.68	UnmarkedFirst	24	220	0	220	0	0	0	0
C9712652	216	5	5	1	52	69	61.2	5	5	5.0	0	0	0.0	0	5	16	9.76	UnmarkedFirst	25	239	0	241	2	21	147	84.0
C9712689	228	5	5	1	56	71	60.6	5	5	5.0	0	1	0.2	1	5	15	9.52	UnmarkedFirst	33	333	0	335	2	101	101	101.0
C9712695	217	5	5	1	53	65	60.0	5	5	5.0	0	0	0.0	0	4	17	10.44	UnmarkedFirst	38	345	0	348	3	55	69	64.33333333333333
C9715112	223	5	10	1	54	77	64.6	10	10	10.0	0	0	0.0	0	1	14	5.84	UnmarkedFirst	29	283	0	285	2	58	58	58.0
C9717732	222	5	10	1	54	68	61.2	10	10	10.0	0	1	0.2	1	1	11	5.32	UnmarkedFirst	26	235	0	237	2	53	76	64.5
C9717866	221	5	10	1	48	73	60.2	10	10	10.0	0	0	0.0	0	1	19	5.48	UnmarkedFirst	28	228	0	230	2	26	176	101.0
C9723690	221	5	10	1	52	83	60.6	10	10	10.0	0	1	0.2	1	1	12	5.6	UnmarkedFirst	51	344	0	346	2	71	71	71.0
C9729774	220	5	10	1	51	70	60.8	10	10	10.0	0	0	0.0	0	1	12	5.42	UnmarkedFirst	26	223	0	225	2	43	60	51.5
C9730200	221	5	10	1	55	68	62.0	10	10	10.0	0	0	0.0	0	1	15	5.78	UnmarkedFirst	41	345	0	347	2	55	55	55.0
C9731008	224	5	10	1	52	73	60.6	10	10	10.0	0	0	0.0	0	0	12	5.44	UnmarkedFirst	38	314	0	316	1	256	256	256.0
C9732269	220	5	10	1	50	83	61.0	10	10	10.0	0	0	0.0	0	1	15	5.58	UnmarkedFirst	29	251	0	253	2	17	17	17.0
C9732364	224	5	10	1	52	68	59.2	10	10	10.0	0	0	0.0	0	1	15	5.32	UnmarkedFirst	37	299	0	301	2	59	59	59.0
C9733445	220	5	10	1	53	68	61.8	10	10	10.0	0	0	0.0	0	1	13	5.7	UnmarkedFirst	27	238	0	240	1	188	188	188.0
C9926755	227	5	15	1	50	64	58.8	15	15	15.0	0	0	0.0	0	1	12	3.7333333333333334	UnmarkedFirst	32	226	0	228	2	23	189	106.0
C9929279	226	5	15	1	53	69	60.8	15	15	15.0	0	0	0.0	0	0	12	3.9066666666666667	UnmarkedFirst	34	248	0	250	2	25	70	47.5
C10149177	226	5	15	1	56	72	60.0	15	15	15.0	0	0	0.0	0	1	13	3.9066666666666667	UnmarkedFirst	32	215	0	217	2	57	143	100.0
C10158257	228	5	15	1	55	67	59.6	15	15	15.0	0	0	0.0	0	0	14	3.76	UnmarkedFirst	32	228	0	230	2	26	138	82.0
C10446746	228	5	15	1	43	72	61.2	15	15	15.0	0	0	0.0	0	0	14	3.92	UnmarkedFirst	35	253	0	255	2	6	162	84.0
C10598570	229	5	15	1	52	68	61.6	15	15	15.0	0	0	0.0	0	0	9	3.933333333333333	UnmarkedFirst	32	243	0	245	2	36	167	101.5
C10645096	227	5	15	1	55	80	63.0	15	15	15.0	0	0	0.0	0	0	14	4.0	UnmarkedFirst	33	254	0	256	1	221	221	221.0
C10713607	227	5	15	1	51	71	62.6	15	15	15.0	0	0	0.0	0	1	13	3.986666666666667	UnmarkedFirst	31	233	0	235	2	51	112	81.5
C10741204	226	5	15	1	50	74	61.0	15	15	15.0	0	0	0.0	0	0	13	3.8933333333333335	UnmarkedFirst	42	316	0	318	2	96	96	96.0
C10862038	227	5	15	1	59	67	63.2	15	15	15.0	0	0	0.0	0	0	12	3.933333333333333	UnmarkedFirst	28	228	0	230	2	48	110	79.0
C10862039	292	5	0	2	52	98	65.2	0	0	0.0	0	2	0.4	1	0	0	0.0	UnmarkedFirst	17	288	0	288	0	0	0	0
C10862040	437	5	0	3	94	134	110.6	0	0	0.0	0	3	0.6	1	0	0	0.0	UnmarkedFirst	31	434	0	434	0	0	0	0
C10862041	286	5	0	2	56	74	65.6	0	0	0.0	0	1	0.2	1	0	0	0.0	UnmarkedFirst	16	286	0	286	0	0	0	0
C10862042	410	5	0	3	49	129	75.2	0	0	0.0	0	1	0.4	2	0	0	0.0	UnmarkedFirst	20	409	0	409	0	0	0	0
C10862043	358	5	0	3	72	107	88.0	0	0	0.0	0	1	0.4	2	0	0	0.0	UnmarkedFirst	21	354	0	354	0	0	0	0
C10862044	267	5	0	2	44	91	64.4	0	0	0.0	0	2	0.4	1	0	0	0.0	UnmarkedFirst	15	271	0	271	0	0	0	0
C10862045	261	5	0	2	55	86	64.0	0	0	0.0	0	2	0.4	1	0	0	0.0	UnmarkedFirst	14	257	0	257	0	0	0	0
C10862046	285	5	0	2	49	88	67.0	0	0	0.0	0	1	0.2	1	0	0	0.0	UnmarkedFirst	15	283	0	283	0	0	0	0
C10862047	269	5	0	2	48	82	64.4	0	0	0.0	0	1	0.2	1	0	0	0.0	UnmarkedFirst	14	272	0	272	0	0	0	0
C10862048	270	5	0	2	56	72	64.0	0	0	0.0	0	1	0.2	1	0	0	0.0	UnmarkedFirst	15	268	0	268	0	0	0	0
C10862051	235	5	5	2	59	72	65.8	5	5	5.0	0	0	0.0	0	6	19	11.12	UnmarkedFirst	37	335	0	338	2	102	118	110.0
C10862073	233	5	5	2	55	70	64.0	5	5	5.0	0	1	0.2	1	5	19	10.72	UnmarkedFirst	36	311	0	314	3	30	30	30.0
C10862075	230	5	5	2	54	71	60.8	5	5	5.0	0	0	0.0	0	4	21	10.36	UnmarkedFirst	37	306	0	308	2	70	70	70.0
C10862087	236	5	5	2	56	72	61.6	5	5	5.0	0	0	0.0	0	5	21	9.88	UnmarkedFirst	33	271	0	273	2	33	33	33.0
C10862100	233	5	5	2	54	70	61.4	5	5	5.0	0	1	0.2	1	5	21	10.16	UnmarkedFirst	63	567	0	573	4	82	141	111.5
C10862137	230	5	5	2	55	75	63.8	5	5	5.0	0	0	0.0	0	6	17	10.72	UnmarkedFirst	27	239	0	242	3	30	41	35.0
C10862201	239	5	5	2	55	73	62.6	5	5	5.0	0	1	0.2	1	3	21	9.8	UnmarkedFirst	29	277	0	279	2	34	34	34.0
C10862209	239	5	5	2	51	87	62.0	5	5	5.0	0	1	0.2	1	5	19	10.16	UnmarkedFirst	51	470	0	474	4	36	162	99.0
C10862223	231	5	5	2	55	76	64.8	5	5	5.0	0	1	0.2	1	4	18	10.6	UnmarkedFirst	31	294	0	295	1	106	106	106.0
C10862240	234	5	5	2	57	70	64.4	5	5	5.0	0	1	0.2	1	6	14	10.04	UnmarkedFirst	31	311	0	314	3	68	75	70.33333333333333
C10862919	240	5	10	2	56	77	66.2	10	10	10.0	0	0	0.0	0	1	15	5.98	UnmarkedFirst	29	250	0	251	1	155	155	155.0
C10863242	231	5	10	2	55	72	63.4	10	10	10.0	0	0	0.0	0	1	15	5.94	UnmarkedFirst	29	234	0	237	3	8	72	33.333333333333336
C10864483	235	5	10	2	51	79	63.4	10	10	10.0	0	1	0.2	1	2	21	5.78	UnmarkedFirst	53	438	0	441	3	98	98	98.0
C10865145	236	5	10	2	50	88	63.0	10	10	10.0	0	1	0.2	1	1	14	5.6	UnmarkedFirst	94	795	0	803	8	5	148	76.5
C10865432	236	5	10	2	58	69	63.2	10	10	10.0	0	0	0.0	0	1	14	6.06	UnmarkedFirst	41	312	0	316	3	40	112	82.66666666666667
C10867937	241	5	10	2	58	70	63.4	10	10	10.0	0	0	0.0	0	0	17	5.96	UnmarkedFirst	39	308	0	312	4	18	158	69.5
C10868000	235	5	10	2	55	68	61.6	10	10	10.0	0	0	0.0	0	1	14	5.76	UnmarkedFirst	31	243	0	246	3	3	168	69.33333333333333
C10868284	240	5	10	2	52	85	62.8	10	10	10.0	0	0	0.0	0	2	17	5.76	UnmarkedFirst	41	323	0	327	2	95	199	147.0
C10868355	233	5	10	2	50	79	61.8	10	10	10.0	0	0	0.0	0	1	16	5.76	UnmarkedFirst	30	233	0	235	2	20	35	27.5
C10868488	238	5	10	2	56	76	62.8	10	10	10.0	0	0	0.0	0	1	17	5.72	UnmarkedFirst	31	252	0	254	2	38	186	112.0
C10874140	236	5	15	2	57	71	65.8	15	15	15.0	0	0	0.0	0	0	12	4.173333333333333	UnmarkedFirst	34	252	0	254	2	77	150	113.5
C10886504	236	5	15	2	54	71	63.2	15	15	15.0	0	0	0.0	0	0	14	3.986666666666667	UnmarkedFirst	57	404	0	412	5	27	110	65.0
C10936388	239	5	15	2	50	75	62.2	15	15	15.0	0	0	0.0	0	0	18	3.84	UnmarkedFirst	44	294	0	298	4	39	103	69.25
C10986112	238	5	15	2	52	70	62.0	15	15	15.0	0	0	0.0	0	1	10	3.973333333333333	UnmarkedFirst	57	381	0	384	3	33	33	33.0
C11026434	243	5	15	2	57	78	66.4	15	15	15.0	0	0	0.0	0	0	18	4.12	UnmarkedFirst	35	259	0	263	3	54	108	72.33333333333333
C11121540	237	5	15	2	51	77	63.4	15	15	15.0	0	0	0.0	0	0	18	4.066666666666666	UnmarkedFirst	38	269	0	271	2	38	38	38.0
C11172949	234	5	15	2	55	75	63.2	15	15	15.0	0	0	0.0	0	0	9	3.933333333333333	UnmarkedFirst	33	231	0	234	3	4	125	68.66666666666667
C11176540	241	5	15	2	48	73	62.8	15	15	15.0	0	0	0.0	0	0	18	4.04	UnmarkedFirst	36	251	0	254	2	69	129	99.0
C11194297	235	5	15	2	58	73	64.2	15	15	15.0	0	1	0.2	1	0	16	3.986666666666667	UnmarkedFirst	36	276	0	279	3	10	30	23.333333333333332
C11235793	238	5	15	2	50	71	62.6	15	15	15.0	0	0	0.0	0	1	12	3.986666666666667	UnmarkedFirst	40	264	0	268	3	25	153	74.33333333333333
C11235794	342	5	0	4	53	112	72.6	0	0	0.0	0	2	0.4	1	0	0	0.0	UnmarkedFirst	21	336	0	336	0	0	0	0
C11235795	360	5	0	5	74	109	88.0	0	0	0.0	0	1	0.4	2	0	0	0.0	UnmarkedFirst	24	354	0	354	0	0	0	0
C11235796	454	5	0	5	81	158	110.4	0	0	0.0	0	5	1.0	1	0	0	0.0	UnmarkedFirst	32	457	0	457	0	0	0	0
C11235797	443	5	0	5	80	152	111.0	0	0	0.0	0	3	0.6	1	0	0	0.0	UnmarkedFirst	31	440	0	440	0	0	0	0
C11235798	294	5	0	3	51	94	69.6	0	0	0.0	0	1	0.2	1	0	0	0.0	UnmarkedFirst	15	293	0	293	0	0	0	0
C11235799	413	5	0	5	68	112	94.8	0	0	0.0	0	1	0.4	2	0	0	0.0	UnmarkedFirst	26	415	0	415	0	0	0	0
C11235800	292	5	0	3	54	88	65.8	0	0	0.0	0	2	0.4	1	0	0	0.0	UnmarkedFirst	16	291	0	291	0	0	0	0
C11235801	293	5	0	3	45	85	64.0	0	0	0.0	0	2	0.4	1	0	0	0.0	UnmarkedFirst	18	305	0	305	0	0	0	0
C11235802	298	5	0	3	57	102	71.6	0	0	0.0	0	3	0.6	1	0	0	0.0	UnmarkedFirst	14	292	0	292	0	0	0	0
C11235803	437	5	0	5	72	131	98.4	0	0	0.0	0	1	0.4	2	0	0	0.0	UnmarkedFirst	26	427	0	427	0	0	0	0
C11235813	246	5	5	3	52	78	67.6	5	5	5.0	0	1	0.2	1	3	19	10.92	UnmarkedFirst	68	626	0	631	5	39	230	77.2
C11235831	250	5	5	3	62	64	63.2	5	5	5.0	0	0	0.0	0	5	19	10.32	UnmarkedFirst	73	593	0	594	1	120	120	120.0
C11235834	252	5	5	3	58	70	63.6	5	5	5.0	0	1	0.2	1	3	22	10.48	UnmarkedFirst	56	497	0	502	5	64	132	85.4
C11235847	248	5	5	3	56	81	65.0	5	5	5.0	0	1	0.2	1	6	18	11.24	UnmarkedFirst	31	248	0	250	2	4	86	45.0
C11235882	281	5	5	4	58	107	73.4	5	5	5.0	0	0	0.0	0	6	51	12.68	UnmarkedFirst	60	442	0	444	1	392	392	392.0
C11235889	267	5	5	3	50	86	64.2	5	5	5.0	0	0	0.0	0	5	25	10.88	UnmarkedFirst	69	536	0	544	8	13	153	60.25
C11235897	238	5	5	3	47	79	62.4	5	5	5.0	0	1	0.2	1	4	17	10.48	UnmarkedFirst	35	288	0	289	1	231	231	231.0
C11235899	292	5	5	4	51	86	72.8	5	5	5.0	0	0	0.0	0	6	41	12.56	UnmarkedFirst	73	543	0	551	2	159	231	195.0
C11235901	254	5	5	3	57	69	62.2	5	5	5.0	0	1	0.2	1	6	23	10.24	UnmarkedFirst	78	606	0	615	8	9	105	54.875
C11235902	270	5	5	4	56	87	68.2	5	5	5.0	0	1	0.2	1	5	30	11.96	UnmarkedFirst	64	473	0	478	4	72	174	97.5
C11236089	249	5	10	3	53	76	61.6	10	10	10.0	0	0	0.0	0	1	16	5.82	UnmarkedFirst	40	286	0	290	3	36	178	83.33333333333333
C11236113	248	5	10	3	57	75	64.8	10	10	10.0	0	1	0.2	1	2	16	5.92	UnmarkedFirst	56	386	0	390	4	24	96	59.5
C11236204	247	5	10	3	56	81	63.2	10	10	10.0	0	0	0.0	0	1	15	5.8	UnmarkedFirst	52	337	0	342	3	39	226	105.66666666666667
C11236370	251	5	10	3	53	76	63.0	10	10	10.0	0	0	0.0	0	2	21	5.78	UnmarkedFirst	44	318	0	324	3	26	199	95.33333333333333
C11236527	249	5	10	3	56	72	64.0	10	10	10.0	0	0	0.0	0	1	16	5.96	UnmarkedFirst	45	321	0	326	3	9	212	83.33333333333333
C11236686	250	5	10	3	49	78	64.8	10	10	10.0	0	0	0.0	0	0	18	5.98	UnmarkedFirst	58	434	0	439	5	22	89	55.2
C11237945	249	5	10	3	52	72	65.4	10	10	10.0	0	0	0.0	0	0	18	5.96	UnmarkedFirst	39	289	0	294	4	18	92	66.0
C11238478	265	5	10	4	58	82	67.0	10	10	10.0	0	1	0.2	1	2	22	6.22	UnmarkedFirst	74	513	0	521	8	21	25	23.0
C11238511	246	5	10	3	52	73	62.0	10	10	10.0	0	0	0.0	0	1	15	5.58	UnmarkedFirst	80	571	0	577	6	19	135	77.0
C11238725	248	5	10	3	53	74	64.0	10	10	10.0	0	0	0.0	0	0	15	5.5	UnmarkedFirst	65	458	0	464	5	2	154	76.0
C11269707	249	5	15	3	53	87	64.6	15	15	15.0	0	0	0.0	0	0	12	4.12	UnmarkedFirst	43	296	0	301	3	26	120	80.0
C11270808	250	5	15	3	56	74	64.8	15	15	15.0	0	1	0.2	1	0	12	4.04	UnmarkedFirst	96	673	0	682	7	27	151	85.0
C11295162	244	5	15	3	56	66	62.0	15	15	15.0	0	1	0.2	1	0	14	3.88	UnmarkedFirst	65	431	0	431	0	0	0	0
C11295598	247	5	15	3	57	67	63.6	15	15	15.0	0	0	0.0	0	1	11	4.053333333333334	UnmarkedFirst	55	371	0	376	5	35	161	71.0
C11305751	248	5	15	3	58	73	65.0	15	15	15.0	0	0	0.0	0	0	14	4.013333333333334	UnmarkedFirst	54	380	0	381	1	266	266	266.0
C11320592	248	5	15	3	53	78	65.0	15	15	15.0	0	0	0.0	0	0	10	4.0	UnmarkedFirst	56	418	0	424	5	33	130	76.2
C11340216	254	5	15	3	60	76	64.0	15	15	15.0	0	0	0.0	0	0	14	4.08	UnmarkedFirst	67	453	0	462	5	20	139	86.0
C11356971	250	5	15	3	56	77	64.2	15	15	15.0	0	0	0.0	0	0	21	4.066666666666666	UnmarkedFirst	47	292	0	297	4	21	138	68.75
C11362345	245	5	15	3	62	82	67.4	15	15	15.0	0	0	0.0	0	0	20	4.226666666666667	UnmarkedFirst	46	335	0	339	1	265	265	265.0
C11362705	251	5	15	3	59	67	63.0	15	15	15.0	0	0	0.0	0	0	23	4.093333333333334	UnmarkedFirst	58	386	0	386	0	0	0	0
C11362706	564	5	0	7	95	154	113.8	0	0	0.0	0	3	0.6	1	0	0	0.0	UnmarkedFirst	42	565	0	565	0	0	0	0
C11362707	522	5	0	8	106	173	126.4	0	0	0.0	0	1	0.4	2	0	0	0.0	UnmarkedFirst	38	522	0	522	0	0	0	0
C11362708	262	5	0	4	50	90	65.4	0	0	0.0	0	2	0.4	1	0	0	0.0	UnmarkedFirst	15	263	0	263	0	0	0	0
C11362709	525	5	0	7	96	168	119.6	0	0	0.0	0	1	0.4	2	0	0	0.0	UnmarkedFirst	35	527	0	527	0	0	0	0
C11362710	436	5	0	7	78	131	99.4	0	0	0.0	0	1	0.4	2	0	0	0.0	UnmarkedFirst	29	445	0	445	0	0	0	0
C11362711	454	5	0	7	68	119	97.4	0	0	0.0	0	1	0.4	2	0	0	0.0	UnmarkedFirst	34	448	0	448	0	0	0	0
C11362712	555	5	0	7	98	160	114.0	0	0	0.0	0	2	0.6	2	0	0	0.0	UnmarkedFirst	38	556	0	556	0	0	0	0
C11362713	367	5	0	6	49	96	70.2	0	0	0.0	0	2	0.4	1	0	0	0.0	UnmarkedFirst	18	363	0	363	0	0	0	0
C11362714	536	5	0	9	85	142	114.2	0	0	0.0	0	1	0.4	2	0	0	0.0	UnmarkedFirst	30	528	0	528	0	0	0	0
C11362715	520	5	0	7	93	137	113.0	0	0	0.0	0	1	0.4	2	0	0	0.0	UnmarkedFirst	36	512	0	512	0	0	0	0
C11362716	259	5	5	4	50	74	64.6	5	5	5.0	0	0	0.0	0	6	24	11.36	UnmarkedFirst	55	420	0	426	5	3	124	73.6
C11362728	272	5	5	4	45	79	67.8	5	5	5.0	0	1	0.2	1	5	21	11.04	UnmarkedFirst	53	440	0	444	4	59	70	67.25
C11362729	264	5	5	4	52	73	65.8	5	5	5.0	0	1	0.2	1	5	19	10.52	UnmarkedFirst	67	524	0	530	6	27	111	75.0
C11362737	306	5	5	6	52	81	71.6	5	5	5.0	0	1	0.4	2	3	20	9.72	UnmarkedFirst	65	567	0	573	6	35	70	46.666666666666664
C11362741	295	5	5	5	58	86	73.8	5	5	5.0	0	1	0.2	1	5	36	12.44	UnmarkedFirst	122	866	0	874	4	75	312	192.75
C11362752	282	5	5	5	57	93	70.0	5	5	5.0	0	1	0.2	1	5	29	11.24	UnmarkedFirst	89	627	0	637	6	21	150	92.0
C11362759	282	5	5	6	57	84	72.6	5	5	5.0	0	0	0.0	0	4	30	12.0	UnmarkedFirst	55	420	0	427	3	10	271	112.33333333333333
C11362766	265	5	5	4	46	84	66.2	5	5	5.0	0	0	0.0	0	5	25	11.32	UnmarkedFirst	52	381	0	386	5	15	150	68.0
C11362769	264	5	5	4	56	78	65.4	5	5	5.0	0	0	0.0	0	6	26	11.76	UnmarkedFirst	79	565	0	577	10	3	100	52.8
C11362770	256	5	5	4	53	89	67.6	5	5	5.0	0	2	0.4	1	7	19	10.88	UnmarkedFirst	79	691	0	698	5	6	232	124.2
C11363123	258	5	10	4	53	78	65.0	10	10	10.0	0	0	0.0	0	2	16	5.84	UnmarkedFirst	71	509	0	516	5	49	86	63.6
C11363207	259	5	10	4	59	68	63.2	10	10	10.0	0	0	0.0	0	0	14	5.9	UnmarkedFirst	44	297	0	300	3	7	230	82.33333333333333
C11363405	254	5	10	4	51	87	68.2	10	10	10.0	0	0	0.0	0	1	15	6.14	UnmarkedFirst	49	389	0	395	3	59	167	121.0
C11363513	248	5	10	4	56	70	63.2	10	10	10.0	0	0	0.0	0	2	17	5.84	UnmarkedFirst	99	733	0	741	8	57	189	73.5
C11363565	259	5	10	4	51	83	65.0	10	10	10.0	0	0	0.0	0	2	18	6.08	UnmarkedFirst	49	345	0	350	5	37	155	63.4
C11363769	257	5	10	4	51	75	64.6	10	10	10.0	0	1	0.2	1	1	17	5.84	UnmarkedFirst	65	464	0	468	4	52	52	52.0
C11363871	279	5	10	5	52	87	68.6	10	10	10.0	0	1	0.2	1	0	20	6.18	UnmarkedFirst	86	621	0	629	2	222	261	241.5
C11363881	282	5	10	5	56	95	71.2	10	10	10.0	0	0	0.0	0	2	45	6.68	UnmarkedFirst	148	892	0	903	6	4	286	145.0
C11364045	258	5	10	4	50	80	68.6	10	10	10.0	0	1	0.2	1	0	19	5.82	UnmarkedFirst	79	637	0	641	4	112	112	112.0
C11364139	255	5	10	4	57	80	67.4	10	10	10.0	0	0	0.0	0	0	15	6.24	UnmarkedFirst	102	781	0	793	7	17	186	101.42857142857143
C11365604	264	5	15	4	49	79	64.0	15	15	15.0	0	0	0.0	0	0	14	4.066666666666666	UnmarkedFirst	72	455	0	464	7	17	68	40.0
C11381244	255	5	15	4	54	91	64.2	15	15	15.0	0	0	0.0	0	1	19	4.04	UnmarkedFirst	76	491	0	498	3	9	330	157.33333333333334
C11387360	259	5	15	4	54	86	66.2	15	15	15.0	0	0	0.0	0	1	15	4.213333333333333	UnmarkedFirst	56	370	0	375	5	9	56	27.8
C11393386	286	5	15	5	58	75	68.4	15	15	15.0	0	1	0.2	1	0	21	4.293333333333333	UnmarkedFirst	68	410	0	415	4	60	177	89.25
C11405359	254	5	15	4	56	80	66.4	15	15	15.0	0	0	0.0	0	0	14	4.2	UnmarkedFirst	136	948	0	964	9	81	147	103.33333333333333
C11421447	263	5	15	4	61	70	64.2	15	15	15.0	0	0	0.0	0	0	15	3.96	UnmarkedFirst	47	305	0	312	5	5	171	52.0
C11422335	259	5	15	4	50	77	63.2	15	15	15.0	0	0	0.0	0	0	12	4.08	UnmarkedFirst	50	309	0	313	3	31	196	88.0
C11429254	256	5	15	4	57	74	65.0	15	15	15.0	0	0	0.0	0	0	15	4.066666666666666	UnmarkedFirst	58	380	0	385	2	3	362	182.5
C11441074	261	5	15	4	58	75	66.4	15	15	15.0	0	0	0.0	0	0	14	4.1066666666666665	UnmarkedFirst	62	415	0	422	3	110	174	131.33333333333334
C11444018	253	5	15	4	55	75	66.2	15	15	15.0	0	1	0.2	1	0	15	4.066666666666666	UnmarkedFirst	88	630	0	637	6	17	167	96.66666666666667
C11444019	811	5	0	15	131	233	184.2	0	0	0.0	0	1	0.6	3	0	0	0.0	UnmarkedFirst	74	816	0	816	0	0	0	0
C11444020	441	5	0	9	75	115	101.8	0	0	0.0	0	1	0.4	2	0	0	0.0	UnmarkedFirst	32	444	0	444	0	0	0	0
C11444021	289	5	0	5	50	79	70.8	0	0	0.0	0	2	0.4	1	0	0	0.0	UnmarkedFirst	17	294	0	294	0	0	0	0
C11444022	537	5	0	9	94	205	125.2	0	0	0.0	0	5	1.0	1	0	0	0.0	UnmarkedFirst	37	524	0	524	0	0	0	0
C11444023	966	5	0	15	86	325	145.8	0	0	0.0	0	11	2.2	1	0	0	0.0	UnmarkedFirst	55	959	0	959	0	0	0	0
C11444024	636	5	0	11	108	160	135.8	0	0	0.0	0	1	0.4	2	0	0	0.0	UnmarkedFirst	51	647	0	647	0	0	0	0
C11444025	738	5	0	11	130	222	163.0	0	0	0.0	0	2	0.6	2	0	0	0.0	UnmarkedFirst	56	751	0	751	0	0	0	0
C11444026	342	5	0	7	55	98	71.8	0	0	0.0	0	1	0.2	1	0	0	0.0	UnmarkedFirst	19	345	0	345	0	0	0	0
C11444027	753	5	0	11	105	221	166.2	0	0	0.0	0	3	0.8	2	0	0	0.0	UnmarkedFirst	48	744	0	744	0	0	0	0
C11444028	330	5	0	5	54	116	71.4	0	0	0.0	0	2	0.4	1	0	0	0.0	UnmarkedFirst	18	329	0	329	0	0	0	0
C11444030	275	5	5	5	55	74	69.2	5	5	5.0	0	1	0.2	1	5	22	11.16	UnmarkedFirst	65	522	0	529	6	34	129	72.16666666666667
C11444033	279	5	5	5	58	77	67.0	5	5	5.0	0	0	0.0	0	6	22	11.64	UnmarkedFirst	59	397	0	402	4	42	61	47.5
C11444043	270	5	5	5	48	79	66.6	5	5	5.0	0	1	0.2	1	3	24	11.28	UnmarkedFirst	96	671	0	679	5	64	197	122.0
C11444046	286	5	5	5	55	100	72.4	5	5	5.0	0	0	0.0	0	5	28	12.16	UnmarkedFirst	92	723	0	741	12	3	147	56.666666666666664
C11444048	273	5	5	5	50	73	63.0	5	5	5.0	0	1	0.2	1	2	20	11.16	UnmarkedFirst	178	1219	0	1237	14	7	181	77.28571428571429
C11444065	314	5	5	6	53	99	73.4	5	5	5.0	0	1	0.4	2	4	29	11.12	UnmarkedFirst	116	852	0	864	12	7	157	61.333333333333336
C11444075	320	5	5	6	66	93	79.2	5	5	5.0	0	0	0.0	0	4	40	14.12	UnmarkedFirst	96	596	0	601	5	46	106	70.0
C11444081	312	5	5	6	65	98	78.4	5	5	5.0	0	0	0.0	0	4	46	14.04	UnmarkedFirst	60	395	0	400	3	10	271	121.33333333333333
C11444093	277	5	5	5	54	75	67.4	5	5	5.0	0	1	0.2	1	6	24	11.32	UnmarkedFirst	83	605	0	612	7	4	146	69.14285714285714
C11444102	271	5	5	5	57	80	68.0	5	5	5.0	0	1	0.2	1	6	30	11.24	UnmarkedFirst	98	747	0	756	6	37	317	116.66666666666667
C11444182	277	5	10	5	63	79	68.0	10	10	10.0	0	1	0.2	1	1	17	6.18	UnmarkedFirst	71	523	0	534	6	20	132	80.33333333333333
C11444275	296	5	10	6	69	74	70.8	10	10	10.0	0	0	0.0	0	1	23	6.5	UnmarkedFirst	120	753	0	763	10	19	127	48.6
C11444349	270	5	10	5	62	79	67.0	10	10	10.0	0	0	0.0	0	1	14	5.96	UnmarkedFirst	48	349	0	355	4	65	114	78.75
C11444459	267	5	10	5	63	77	67.0	10	10	10.0	0	0	0.0	0	1	15	6.14	UnmarkedFirst	60	374	0	381	5	22	152	61.2
C11444525	275	5	10	5	54	76	66.6	10	10	10.0	0	1	0.2	1	1	17	6.16	UnmarkedFirst	111	780	0	792	12	7	183	62.25
C11444590	304	5	10	6	64	90	73.4	10	10	10.0	0	0	0.0	0	2	26	6.98	UnmarkedFirst	180	1165	0	1177	4	10	552	272.75
C11444735	270	5	10	5	49	99	67.2	10	10	10.0	0	0	0.0	0	0	20	6.04	UnmarkedFirst	107	755	0	770	14	20	170	52.07142857142857
C11444823	273	5	10	5	57	75	67.4	10	10	10.0	0	1	0.2	1	2	18	6.26	UnmarkedFirst	232	1668	0	1692	11	13	414	143.8181818181818
C11444853	269	5	10	5	62	75	70.2	10	10	10.0	0	0	0.0	0	1	18	6.68	UnmarkedFirst	125	873	0	888	10	6	190	85.4
C11444861	264	5	10	5	57	76	67.8	10	10	10.0	0	0	0.0	0	1	18	6.22	UnmarkedFirst	92	663	0	668	4	100	335	158.75
C11446281	275	5	15	5	64	74	68.0	15	15	15.0	0	1	0.2	1	1	14	4.1466666666666665	UnmarkedFirst	92	623	0	631	8	27	325	64.25
C11451584	270	5	15	5	50	87	67.0	15	15	15.0	0	1	0.2	1	0	19	4.1466666666666665	UnmarkedFirst	161	1102	0	1123	15	11	137	69.0
C11456016	274	5	15	5	56	77	67.8	15	15	15.0	0	1	0.2	1	0	13	4.2	UnmarkedFirst	185	1239	0	1261	20	2	137	56.45
C11456569	267	5	15	5	60	75	66.6	15	15	15.0	0	1	0.2	1	0	16	4.12	UnmarkedFirst	101	655	0	668	7	20	191	87.57142857142857
C11456846	266	5	15	5	59	77	66.6	15	15	15.0	0	0	0.0	0	0	15	4.1866666666666665	UnmarkedFirst	75	471	0	477	5	4	125	81.0
C11458034	269	5	15	5	53	81	66.4	15	15	15.0	0	0	0.0	0	1	19	4.226666666666667	UnmarkedFirst	92	578	0	587	9	16	83	44.666666666666664
C11458795	273	5	15	5	51	92	67.8	15	15	15.0	0	1	0.2	1	0	14	4.1066666666666665	UnmarkedFirst	207	1384	0	1388	4	191	328	225.25
C11461096	264	5	15	5	59	74	66.2	15	15	15.0	0	0	0.0	0	0	13	4.253333333333333	UnmarkedFirst	151	948	0	971	15	2	161	62.6
C11464406	278	5	15	5	60	70	66.6	15	15	15.0	0	1	0.2	1	0	15	3.9466666666666668	UnmarkedFirst	53	345	0	348	2	98	185	141.5
C11466317	263	5	15	5	57	76	67.2	15	15	15.0	0	0	0.0	0	0	14	4.266666666666667	UnmarkedFirst	146	873	0	891	14	6	240	61.285714285714285
