id	numberOfActions	numberOfProcesses	numberOfProcedures	numberOfConditionals	minLengthOfProcesses	maxLengthOfProcesses	avgLengthOfProcesses	minNumberOfProceduresInProcesses	maxNumberOfProceduresInProcesses	avgNumberOfProceduresInProcesses	minNumberOfConditionalsInProcesses	maxNumberOfConditionalsInProcesses	avgNumberOfConditionalsInProcesses	numberOfProcessesWithConditionals	minProcedureLengthInProcesses	maxProcedureLengthInProcesses	avgProcedureLengthInProcesses	strategy	time(msec)	nodes	badLoops	mainLength	numOfProcedures	minProcedureLength	maxProcedureLength	avgProcedureLength
C1	51	6	0	0	8	17	12.666666666666666	0	0	0.0	0	0	0.0	0	0	0	0.0	ConditionsFirst	1	51	0	51	0	0	0	0
C2	51	6	0	0	6	15	11.333333333333334	0	0	0.0	0	0	0.0	0	0	0	0.0	ConditionsFirst	0	51	0	51	0	0	0	0
C3	51	6	0	0	10	15	12.5	0	0	0.0	0	0	0.0	0	0	0	0.0	ConditionsFirst	1	51	0	51	0	0	0	0
C4	51	6	0	0	4	16	11.666666666666666	0	0	0.0	0	0	0.0	0	0	0	0.0	ConditionsFirst	1	51	0	51	0	0	0	0
C5	51	6	0	0	11	16	13.166666666666666	0	0	0.0	0	0	0.0	0	0	0	0.0	ConditionsFirst	1	51	0	51	0	0	0	0
C6	51	6	0	0	9	15	12.666666666666666	0	0	0.0	0	0	0.0	0	0	0	0.0	ConditionsFirst	1	51	0	51	0	0	0	0
C7	51	6	0	0	7	18	12.5	0	0	0.0	0	0	0.0	0	0	0	0.0	ConditionsFirst	1	51	0	51	0	0	0	0
C8	51	6	0	0	6	17	13.833333333333334	0	0	0.0	0	0	0.0	0	0	0	0.0	ConditionsFirst	1	51	0	51	0	0	0	0
C9	51	6	0	0	8	18	12.166666666666666	0	0	0.0	0	0	0.0	0	0	0	0.0	ConditionsFirst	1	51	0	51	0	0	0	0
C10	51	6	0	0	10	14	11.833333333333334	0	0	0.0	0	0	0.0	0	0	0	0.0	ConditionsFirst	0	51	0	51	0	0	0	0
C11	101	6	0	0	16	30	24.333333333333332	0	0	0.0	0	0	0.0	0	0	0	0.0	ConditionsFirst	3	101	0	101	0	0	0	0
C12	101	6	0	0	17	28	23.833333333333332	0	0	0.0	0	0	0.0	0	0	0	0.0	ConditionsFirst	3	101	0	101	0	0	0	0
C13	101	6	0	0	20	30	26.0	0	0	0.0	0	0	0.0	0	0	0	0.0	ConditionsFirst	3	101	0	101	0	0	0	0
C14	101	6	0	0	17	32	26.0	0	0	0.0	0	0	0.0	0	0	0	0.0	ConditionsFirst	2	101	0	101	0	0	0	0
C15	101	6	0	0	20	29	24.333333333333332	0	0	0.0	0	0	0.0	0	0	0	0.0	ConditionsFirst	3	101	0	101	0	0	0	0
C16	101	6	0	0	22	30	25.666666666666668	0	0	0.0	0	0	0.0	0	0	0	0.0	ConditionsFirst	3	101	0	101	0	0	0	0
C17	101	6	0	0	14	32	24.5	0	0	0.0	0	0	0.0	0	0	0	0.0	ConditionsFirst	3	101	0	101	0	0	0	0
C18	101	6	0	0	18	33	25.166666666666668	0	0	0.0	0	0	0.0	0	0	0	0.0	ConditionsFirst	3	101	0	101	0	0	0	0
C19	101	6	0	0	20	28	25.666666666666668	0	0	0.0	0	0	0.0	0	0	0	0.0	ConditionsFirst	3	101	0	101	0	0	0	0
C20	101	6	0	0	19	27	24.833333333333332	0	0	0.0	0	0	0.0	0	0	0	0.0	ConditionsFirst	3	101	0	101	0	0	0	0
C21	151	6	0	0	30	41	36.5	0	0	0.0	0	0	0.0	0	0	0	0.0	ConditionsFirst	6	151	0	151	0	0	0	0
C22	151	6	0	0	26	43	37.666666666666664	0	0	0.0	0	0	0.0	0	0	0	0.0	ConditionsFirst	6	151	0	151	0	0	0	0
C23	151	6	0	0	28	45	38.666666666666664	0	0	0.0	0	0	0.0	0	0	0	0.0	ConditionsFirst	6	151	0	151	0	0	0	0
C24	151	6	0	0	33	43	38.0	0	0	0.0	0	0	0.0	0	0	0	0.0	ConditionsFirst	6	151	0	151	0	0	0	0
C25	151	6	0	0	34	41	36.833333333333336	0	0	0.0	0	0	0.0	0	0	0	0.0	ConditionsFirst	6	151	0	151	0	0	0	0
C26	151	6	0	0	33	42	37.333333333333336	0	0	0.0	0	0	0.0	0	0	0	0.0	ConditionsFirst	6	151	0	151	0	0	0	0
C27	151	6	0	0	29	43	37.5	0	0	0.0	0	0	0.0	0	0	0	0.0	ConditionsFirst	6	151	0	151	0	0	0	0
C28	151	6	0	0	30	49	39.0	0	0	0.0	0	0	0.0	0	0	0	0.0	ConditionsFirst	6	151	0	151	0	0	0	0
C29	151	6	0	0	31	45	36.666666666666664	0	0	0.0	0	0	0.0	0	0	0	0.0	ConditionsFirst	6	151	0	151	0	0	0	0
C30	151	6	0	0	33	42	37.0	0	0	0.0	0	0	0.0	0	0	0	0.0	ConditionsFirst	6	151	0	151	0	0	0	0
C31	201	6	0	0	35	57	47.833333333333336	0	0	0.0	0	0	0.0	0	0	0	0.0	ConditionsFirst	13	201	0	201	0	0	0	0
C32	201	6	0	0	40	63	51.666666666666664	0	0	0.0	0	0	0.0	0	0	0	0.0	ConditionsFirst	11	201	0	201	0	0	0	0
C33	201	6	0	0	41	57	50.833333333333336	0	0	0.0	0	0	0.0	0	0	0	0.0	ConditionsFirst	11	201	0	201	0	0	0	0
C34	201	6	0	0	47	53	49.666666666666664	0	0	0.0	0	0	0.0	0	0	0	0.0	ConditionsFirst	12	201	0	201	0	0	0	0
C35	201	6	0	0	46	55	51.333333333333336	0	0	0.0	0	0	0.0	0	0	0	0.0	ConditionsFirst	11	201	0	201	0	0	0	0
C36	201	6	0	0	42	59	50.833333333333336	0	0	0.0	0	0	0.0	0	0	0	0.0	ConditionsFirst	11	201	0	201	0	0	0	0
C37	201	6	0	0	45	57	50.333333333333336	0	0	0.0	0	0	0.0	0	0	0	0.0	ConditionsFirst	11	201	0	201	0	0	0	0
C38	201	6	0	0	37	57	48.166666666666664	0	0	0.0	0	0	0.0	0	0	0	0.0	ConditionsFirst	12	201	0	201	0	0	0	0
C39	201	6	0	0	45	57	49.5	0	0	0.0	0	0	0.0	0	0	0	0.0	ConditionsFirst	12	201	0	201	0	0	0	0
C40	201	6	0	0	44	53	49.166666666666664	0	0	0.0	0	0	0.0	0	0	0	0.0	ConditionsFirst	11	201	0	201	0	0	0	0
C41	251	6	0	0	43	76	61.333333333333336	0	0	0.0	0	0	0.0	0	0	0	0.0	ConditionsFirst	18	251	0	251	0	0	0	0
C42	251	6	0	0	52	71	62.833333333333336	0	0	0.0	0	0	0.0	0	0	0	0.0	ConditionsFirst	19	251	0	251	0	0	0	0
C43	251	6	0	0	52	73	64.0	0	0	0.0	0	0	0.0	0	0	0	0.0	ConditionsFirst	18	251	0	251	0	0	0	0
C44	251	6	0	0	54	71	62.5	0	0	0.0	0	0	0.0	0	0	0	0.0	ConditionsFirst	18	251	0	251	0	0	0	0
C45	251	6	0	0	59	67	63.333333333333336	0	0	0.0	0	0	0.0	0	0	0	0.0	ConditionsFirst	18	251	0	251	0	0	0	0
C46	251	6	0	0	50	74	62.833333333333336	0	0	0.0	0	0	0.0	0	0	0	0.0	ConditionsFirst	18	251	0	251	0	0	0	0
C47	251	6	0	0	54	69	61.166666666666664	0	0	0.0	0	0	0.0	0	0	0	0.0	ConditionsFirst	21	251	0	251	0	0	0	0
C48	251	6	0	0	56	66	61.333333333333336	0	0	0.0	0	0	0.0	0	0	0	0.0	ConditionsFirst	19	251	0	251	0	0	0	0
C49	251	6	0	0	51	80	63.166666666666664	0	0	0.0	0	0	0.0	0	0	0	0.0	ConditionsFirst	19	251	0	251	0	0	0	0
C50	251	6	0	0	50	77	61.666666666666664	0	0	0.0	0	0	0.0	0	0	0	0.0	ConditionsFirst	19	251	0	251	0	0	0	0
C51	301	6	0	0	51	84	73.33333333333333	0	0	0.0	0	0	0.0	0	0	0	0.0	ConditionsFirst	30	301	0	301	0	0	0	0
C52	301	6	0	0	67	85	76.0	0	0	0.0	0	0	0.0	0	0	0	0.0	ConditionsFirst	28	301	0	301	0	0	0	0
C53	301	6	0	0	67	84	74.16666666666667	0	0	0.0	0	0	0.0	0	0	0	0.0	ConditionsFirst	27	301	0	301	0	0	0	0
C54	301	6	0	0	63	91	76.83333333333333	0	0	0.0	0	0	0.0	0	0	0	0.0	ConditionsFirst	26	301	0	301	0	0	0	0
C55	301	6	0	0	63	84	74.33333333333333	0	0	0.0	0	0	0.0	0	0	0	0.0	ConditionsFirst	28	301	0	301	0	0	0	0
C56	301	6	0	0	66	82	74.66666666666667	0	0	0.0	0	0	0.0	0	0	0	0.0	ConditionsFirst	27	301	0	301	0	0	0	0
C57	301	6	0	0	61	85	75.16666666666667	0	0	0.0	0	0	0.0	0	0	0	0.0	ConditionsFirst	26	301	0	301	0	0	0	0
C58	301	6	0	0	68	77	73.0	0	0	0.0	0	0	0.0	0	0	0	0.0	ConditionsFirst	28	301	0	301	0	0	0	0
C59	301	6	0	0	67	94	75.0	0	0	0.0	0	0	0.0	0	0	0	0.0	ConditionsFirst	26	301	0	301	0	0	0	0
C60	301	6	0	0	68	79	73.83333333333333	0	0	0.0	0	0	0.0	0	0	0	0.0	ConditionsFirst	29	301	0	301	0	0	0	0
C61	351	6	0	0	67	100	86.0	0	0	0.0	0	0	0.0	0	0	0	0.0	ConditionsFirst	41	351	0	351	0	0	0	0
C62	351	6	0	0	69	97	87.0	0	0	0.0	0	0	0.0	0	0	0	0.0	ConditionsFirst	38	351	0	351	0	0	0	0
C63	351	6	0	0	83	97	88.16666666666667	0	0	0.0	0	0	0.0	0	0	0	0.0	ConditionsFirst	39	351	0	351	0	0	0	0
C64	351	6	0	0	83	94	89.16666666666667	0	0	0.0	0	0	0.0	0	0	0	0.0	ConditionsFirst	38	351	0	351	0	0	0	0
C65	351	6	0	0	77	95	85.83333333333333	0	0	0.0	0	0	0.0	0	0	0	0.0	ConditionsFirst	40	351	0	351	0	0	0	0
C66	351	6	0	0	78	97	87.66666666666667	0	0	0.0	0	0	0.0	0	0	0	0.0	ConditionsFirst	38	351	0	351	0	0	0	0
C67	351	6	0	0	72	94	87.33333333333333	0	0	0.0	0	0	0.0	0	0	0	0.0	ConditionsFirst	39	351	0	351	0	0	0	0
C68	351	6	0	0	81	98	90.0	0	0	0.0	0	0	0.0	0	0	0	0.0	ConditionsFirst	37	351	0	351	0	0	0	0
C69	351	6	0	0	81	95	85.83333333333333	0	0	0.0	0	0	0.0	0	0	0	0.0	ConditionsFirst	40	351	0	351	0	0	0	0
C70	351	6	0	0	75	100	88.0	0	0	0.0	0	0	0.0	0	0	0	0.0	ConditionsFirst	39	351	0	351	0	0	0	0
C71	401	6	0	0	86	117	100.0	0	0	0.0	0	0	0.0	0	0	0	0.0	ConditionsFirst	51	401	0	401	0	0	0	0
C72	401	6	0	0	87	115	101.0	0	0	0.0	0	0	0.0	0	0	0	0.0	ConditionsFirst	51	401	0	401	0	0	0	0
C73	401	6	0	0	84	119	102.33333333333333	0	0	0.0	0	0	0.0	0	0	0	0.0	ConditionsFirst	51	401	0	401	0	0	0	0
C74	401	6	0	0	80	118	98.0	0	0	0.0	0	0	0.0	0	0	0	0.0	ConditionsFirst	54	401	0	401	0	0	0	0
C75	401	6	0	0	92	108	98.83333333333333	0	0	0.0	0	0	0.0	0	0	0	0.0	ConditionsFirst	52	401	0	401	0	0	0	0
C76	401	6	0	0	79	116	99.83333333333333	0	0	0.0	0	0	0.0	0	0	0	0.0	ConditionsFirst	52	401	0	401	0	0	0	0
C77	401	6	0	0	94	117	102.16666666666667	0	0	0.0	0	0	0.0	0	0	0	0.0	ConditionsFirst	49	401	0	401	0	0	0	0
C78	401	6	0	0	88	107	96.5	0	0	0.0	0	0	0.0	0	0	0	0.0	ConditionsFirst	64	401	0	401	0	0	0	0
C79	401	6	0	0	92	111	101.5	0	0	0.0	0	0	0.0	0	0	0	0.0	ConditionsFirst	50	401	0	401	0	0	0	0
C80	401	6	0	0	83	109	98.16666666666667	0	0	0.0	0	0	0.0	0	0	0	0.0	ConditionsFirst	54	401	0	401	0	0	0	0
C81	451	6	0	0	103	134	113.16666666666667	0	0	0.0	0	0	0.0	0	0	0	0.0	ConditionsFirst	66	451	0	451	0	0	0	0
C82	451	6	0	0	99	120	113.16666666666667	0	0	0.0	0	0	0.0	0	0	0	0.0	ConditionsFirst	66	451	0	451	0	0	0	0
C83	451	6	0	0	99	127	114.16666666666667	0	0	0.0	0	0	0.0	0	0	0	0.0	ConditionsFirst	66	451	0	451	0	0	0	0
C84	451	6	0	0	99	119	110.5	0	0	0.0	0	0	0.0	0	0	0	0.0	ConditionsFirst	67	451	0	451	0	0	0	0
C85	451	6	0	0	99	125	112.83333333333333	0	0	0.0	0	0	0.0	0	0	0	0.0	ConditionsFirst	65	451	0	451	0	0	0	0
C86	451	6	0	0	99	131	113.0	0	0	0.0	0	0	0.0	0	0	0	0.0	ConditionsFirst	65	451	0	451	0	0	0	0
C87	451	6	0	0	101	123	110.5	0	0	0.0	0	0	0.0	0	0	0	0.0	ConditionsFirst	69	451	0	451	0	0	0	0
C88	451	6	0	0	101	127	114.0	0	0	0.0	0	0	0.0	0	0	0	0.0	ConditionsFirst	64	451	0	451	0	0	0	0
C89	451	6	0	0	94	121	112.0	0	0	0.0	0	0	0.0	0	0	0	0.0	ConditionsFirst	66	451	0	451	0	0	0	0
C90	451	6	0	0	104	133	114.66666666666667	0	0	0.0	0	0	0.0	0	0	0	0.0	ConditionsFirst	65	451	0	451	0	0	0	0
C91	501	6	0	0	117	139	124.5	0	0	0.0	0	0	0.0	0	0	0	0.0	ConditionsFirst	85	501	0	501	0	0	0	0
C92	501	6	0	0	116	135	126.0	0	0	0.0	0	0	0.0	0	0	0	0.0	ConditionsFirst	82	501	0	501	0	0	0	0
C93	501	6	0	0	107	135	126.16666666666667	0	0	0.0	0	0	0.0	0	0	0	0.0	ConditionsFirst	84	501	0	501	0	0	0	0
C94	501	6	0	0	114	133	123.5	0	0	0.0	0	0	0.0	0	0	0	0.0	ConditionsFirst	83	501	0	501	0	0	0	0
C95	501	6	0	0	98	138	123.0	0	0	0.0	0	0	0.0	0	0	0	0.0	ConditionsFirst	84	501	0	501	0	0	0	0
C96	501	6	0	0	117	133	126.16666666666667	0	0	0.0	0	0	0.0	0	0	0	0.0	ConditionsFirst	82	501	0	501	0	0	0	0
C97	501	6	0	0	110	139	124.16666666666667	0	0	0.0	0	0	0.0	0	0	0	0.0	ConditionsFirst	82	501	0	501	0	0	0	0
C98	501	6	0	0	106	132	123.0	0	0	0.0	0	0	0.0	0	0	0	0.0	ConditionsFirst	89	501	0	501	0	0	0	0
C99	501	6	0	0	115	144	126.5	0	0	0.0	0	0	0.0	0	0	0	0.0	ConditionsFirst	81	501	0	501	0	0	0	0
C100	501	6	0	0	114	140	126.5	0	0	0.0	0	0	0.0	0	0	0	0.0	ConditionsFirst	81	501	0	501	0	0	0	0
C101	551	6	0	0	126	160	136.83333333333334	0	0	0.0	0	0	0.0	0	0	0	0.0	ConditionsFirst	103	551	0	551	0	0	0	0
C102	551	6	0	0	123	152	137.0	0	0	0.0	0	0	0.0	0	0	0	0.0	ConditionsFirst	102	551	0	551	0	0	0	0
C103	551	6	0	0	119	149	134.83333333333334	0	0	0.0	0	0	0.0	0	0	0	0.0	ConditionsFirst	116	551	0	551	0	0	0	0
C104	551	6	0	0	123	151	138.0	0	0	0.0	0	0	0.0	0	0	0	0.0	ConditionsFirst	105	551	0	551	0	0	0	0
C105	551	6	0	0	130	152	139.0	0	0	0.0	0	0	0.0	0	0	0	0.0	ConditionsFirst	106	551	0	551	0	0	0	0
C106	551	6	0	0	120	154	135.0	0	0	0.0	0	0	0.0	0	0	0	0.0	ConditionsFirst	110	551	0	551	0	0	0	0
C107	551	6	0	0	127	149	140.0	0	0	0.0	0	0	0.0	0	0	0	0.0	ConditionsFirst	113	551	0	551	0	0	0	0
C108	551	6	0	0	134	150	140.16666666666666	0	0	0.0	0	0	0.0	0	0	0	0.0	ConditionsFirst	113	551	0	551	0	0	0	0
C109	551	6	0	0	128	150	137.83333333333334	0	0	0.0	0	0	0.0	0	0	0	0.0	ConditionsFirst	109	551	0	551	0	0	0	0
C110	551	6	0	0	123	153	139.33333333333334	0	0	0.0	0	0	0.0	0	0	0	0.0	ConditionsFirst	104	551	0	551	0	0	0	0
C111	601	6	0	0	138	169	149.66666666666666	0	0	0.0	0	0	0.0	0	0	0	0.0	ConditionsFirst	120	601	0	601	0	0	0	0
C112	601	6	0	0	138	168	152.0	0	0	0.0	0	0	0.0	0	0	0	0.0	ConditionsFirst	123	601	0	601	0	0	0	0
C113	601	6	0	0	131	161	148.66666666666666	0	0	0.0	0	0	0.0	0	0	0	0.0	ConditionsFirst	122	601	0	601	0	0	0	0
C114	601	6	0	0	130	160	150.16666666666666	0	0	0.0	0	0	0.0	0	0	0	0.0	ConditionsFirst	121	601	0	601	0	0	0	0
C115	601	6	0	0	143	167	151.16666666666666	0	0	0.0	0	0	0.0	0	0	0	0.0	ConditionsFirst	123	601	0	601	0	0	0	0
C116	601	6	0	0	131	166	150.5	0	0	0.0	0	0	0.0	0	0	0	0.0	ConditionsFirst	122	601	0	601	0	0	0	0
C117	601	6	0	0	140	161	151.33333333333334	0	0	0.0	0	0	0.0	0	0	0	0.0	ConditionsFirst	119	601	0	601	0	0	0	0
C118	601	6	0	0	133	168	151.66666666666666	0	0	0.0	0	0	0.0	0	0	0	0.0	ConditionsFirst	120	601	0	601	0	0	0	0
C119	601	6	0	0	140	163	151.5	0	0	0.0	0	0	0.0	0	0	0	0.0	ConditionsFirst	122	601	0	601	0	0	0	0
C120	601	6	0	0	139	156	150.0	0	0	0.0	0	0	0.0	0	0	0	0.0	ConditionsFirst	124	601	0	601	0	0	0	0
C121	651	6	0	0	152	186	163.16666666666666	0	0	0.0	0	0	0.0	0	0	0	0.0	ConditionsFirst	142	651	0	651	0	0	0	0
C122	651	6	0	0	152	178	163.5	0	0	0.0	0	0	0.0	0	0	0	0.0	ConditionsFirst	143	651	0	651	0	0	0	0
C123	651	6	0	0	143	176	159.16666666666666	0	0	0.0	0	0	0.0	0	0	0	0.0	ConditionsFirst	147	651	0	651	0	0	0	0
C124	651	6	0	0	132	180	161.0	0	0	0.0	0	0	0.0	0	0	0	0.0	ConditionsFirst	148	651	0	651	0	0	0	0
C125	651	6	0	0	148	181	160.16666666666666	0	0	0.0	0	0	0.0	0	0	0	0.0	ConditionsFirst	145	651	0	651	0	0	0	0
C126	651	6	0	0	157	172	164.16666666666666	0	0	0.0	0	0	0.0	0	0	0	0.0	ConditionsFirst	142	651	0	651	0	0	0	0
C127	651	6	0	0	153	186	166.0	0	0	0.0	0	0	0.0	0	0	0	0.0	ConditionsFirst	143	651	0	651	0	0	0	0
C128	651	6	0	0	150	177	163.66666666666666	0	0	0.0	0	0	0.0	0	0	0	0.0	ConditionsFirst	144	651	0	651	0	0	0	0
C129	651	6	0	0	154	174	162.66666666666666	0	0	0.0	0	0	0.0	0	0	0	0.0	ConditionsFirst	142	651	0	651	0	0	0	0
C130	651	6	0	0	141	180	161.16666666666666	0	0	0.0	0	0	0.0	0	0	0	0.0	ConditionsFirst	145	651	0	651	0	0	0	0
C131	701	6	0	0	165	196	175.33333333333334	0	0	0.0	0	0	0.0	0	0	0	0.0	ConditionsFirst	175	701	0	701	0	0	0	0
C132	701	6	0	0	157	195	177.5	0	0	0.0	0	0	0.0	0	0	0	0.0	ConditionsFirst	173	701	0	701	0	0	0	0
C133	701	6	0	0	153	190	173.0	0	0	0.0	0	0	0.0	0	0	0	0.0	ConditionsFirst	168	701	0	701	0	0	0	0
C134	701	6	0	0	166	198	175.5	0	0	0.0	0	0	0.0	0	0	0	0.0	ConditionsFirst	164	701	0	701	0	0	0	0
C135	701	6	0	0	159	196	173.33333333333334	0	0	0.0	0	0	0.0	0	0	0	0.0	ConditionsFirst	169	701	0	701	0	0	0	0
C136	701	6	0	0	166	186	175.16666666666666	0	0	0.0	0	0	0.0	0	0	0	0.0	ConditionsFirst	164	701	0	701	0	0	0	0
C137	701	6	0	0	162	194	176.0	0	0	0.0	0	0	0.0	0	0	0	0.0	ConditionsFirst	169	701	0	701	0	0	0	0
C138	701	6	0	0	159	190	175.33333333333334	0	0	0.0	0	0	0.0	0	0	0	0.0	ConditionsFirst	170	701	0	701	0	0	0	0
C139	701	6	0	0	164	182	173.5	0	0	0.0	0	0	0.0	0	0	0	0.0	ConditionsFirst	171	701	0	701	0	0	0	0
C140	701	6	0	0	155	201	175.0	0	0	0.0	0	0	0.0	0	0	0	0.0	ConditionsFirst	173	701	0	701	0	0	0	0
C141	751	6	0	0	178	212	188.0	0	0	0.0	0	0	0.0	0	0	0	0.0	ConditionsFirst	194	751	0	751	0	0	0	0
C142	751	6	0	0	163	200	189.5	0	0	0.0	0	0	0.0	0	0	0	0.0	ConditionsFirst	194	751	0	751	0	0	0	0
C143	751	6	0	0	171	204	187.16666666666666	0	0	0.0	0	0	0.0	0	0	0	0.0	ConditionsFirst	192	751	0	751	0	0	0	0
C144	751	6	0	0	176	204	187.33333333333334	0	0	0.0	0	0	0.0	0	0	0	0.0	ConditionsFirst	194	751	0	751	0	0	0	0
C145	751	6	0	0	176	206	187.5	0	0	0.0	0	0	0.0	0	0	0	0.0	ConditionsFirst	194	751	0	751	0	0	0	0
C146	751	6	0	0	177	199	190.0	0	0	0.0	0	0	0.0	0	0	0	0.0	ConditionsFirst	191	751	0	751	0	0	0	0
C147	751	6	0	0	172	200	189.16666666666666	0	0	0.0	0	0	0.0	0	0	0	0.0	ConditionsFirst	193	751	0	751	0	0	0	0
C148	751	6	0	0	183	199	189.16666666666666	0	0	0.0	0	0	0.0	0	0	0	0.0	ConditionsFirst	193	751	0	751	0	0	0	0
C149	751	6	0	0	167	208	188.5	0	0	0.0	0	0	0.0	0	0	0	0.0	ConditionsFirst	192	751	0	751	0	0	0	0
C150	751	6	0	0	180	208	188.83333333333334	0	0	0.0	0	0	0.0	0	0	0	0.0	ConditionsFirst	192	751	0	751	0	0	0	0
C151	801	6	0	0	185	230	200.66666666666666	0	0	0.0	0	0	0.0	0	0	0	0.0	ConditionsFirst	219	801	0	801	0	0	0	0
C152	801	6	0	0	168	219	199.16666666666666	0	0	0.0	0	0	0.0	0	0	0	0.0	ConditionsFirst	249	801	0	801	0	0	0	0
C153	801	6	0	0	171	214	199.33333333333334	0	0	0.0	0	0	0.0	0	0	0	0.0	ConditionsFirst	221	801	0	801	0	0	0	0
C154	801	6	0	0	190	211	199.33333333333334	0	0	0.0	0	0	0.0	0	0	0	0.0	ConditionsFirst	231	801	0	801	0	0	0	0
C155	801	6	0	0	184	207	200.0	0	0	0.0	0	0	0.0	0	0	0	0.0	ConditionsFirst	228	801	0	801	0	0	0	0
C156	801	6	0	0	185	224	203.5	0	0	0.0	0	0	0.0	0	0	0	0.0	ConditionsFirst	227	801	0	801	0	0	0	0
C157	801	6	0	0	191	214	201.0	0	0	0.0	0	0	0.0	0	0	0	0.0	ConditionsFirst	227	801	0	801	0	0	0	0
C158	801	6	0	0	186	214	200.16666666666666	0	0	0.0	0	0	0.0	0	0	0	0.0	ConditionsFirst	223	801	0	801	0	0	0	0
C159	801	6	0	0	189	226	200.33333333333334	0	0	0.0	0	0	0.0	0	0	0	0.0	ConditionsFirst	222	801	0	801	0	0	0	0
C160	801	6	0	0	189	210	197.33333333333334	0	0	0.0	0	0	0.0	0	0	0	0.0	ConditionsFirst	230	801	0	801	0	0	0	0
C161	851	6	0	0	204	238	211.83333333333334	0	0	0.0	0	0	0.0	0	0	0	0.0	ConditionsFirst	257	851	0	851	0	0	0	0
C162	851	6	0	0	180	235	211.66666666666666	0	0	0.0	0	0	0.0	0	0	0	0.0	ConditionsFirst	253	851	0	851	0	0	0	0
C163	851	6	0	0	180	229	210.16666666666666	0	0	0.0	0	0	0.0	0	0	0	0.0	ConditionsFirst	258	851	0	851	0	0	0	0
C164	851	6	0	0	190	235	209.33333333333334	0	0	0.0	0	0	0.0	0	0	0	0.0	ConditionsFirst	257	851	0	851	0	0	0	0
C165	851	6	0	0	209	225	214.5	0	0	0.0	0	0	0.0	0	0	0	0.0	ConditionsFirst	251	851	0	851	0	0	0	0
C166	851	6	0	0	197	223	214.0	0	0	0.0	0	0	0.0	0	0	0	0.0	ConditionsFirst	253	851	0	851	0	0	0	0
C167	851	6	0	0	202	235	214.5	0	0	0.0	0	0	0.0	0	0	0	0.0	ConditionsFirst	254	851	0	851	0	0	0	0
C168	851	6	0	0	197	229	213.66666666666666	0	0	0.0	0	0	0.0	0	0	0	0.0	ConditionsFirst	251	851	0	851	0	0	0	0
C169	851	6	0	0	200	229	211.0	0	0	0.0	0	0	0.0	0	0	0	0.0	ConditionsFirst	258	851	0	851	0	0	0	0
C170	851	6	0	0	174	231	207.16666666666666	0	0	0.0	0	0	0.0	0	0	0	0.0	ConditionsFirst	257	851	0	851	0	0	0	0
C171	901	6	0	0	211	253	225.66666666666666	0	0	0.0	0	0	0.0	0	0	0	0.0	ConditionsFirst	284	901	0	901	0	0	0	0
C172	901	6	0	0	200	241	224.33333333333334	0	0	0.0	0	0	0.0	0	0	0	0.0	ConditionsFirst	289	901	0	901	0	0	0	0
C173	901	6	0	0	195	242	225.16666666666666	0	0	0.0	0	0	0.0	0	0	0	0.0	ConditionsFirst	280	901	0	901	0	0	0	0
C174	901	6	0	0	205	252	225.16666666666666	0	0	0.0	0	0	0.0	0	0	0	0.0	ConditionsFirst	282	901	0	901	0	0	0	0
C175	901	6	0	0	207	243	226.83333333333334	0	0	0.0	0	0	0.0	0	0	0	0.0	ConditionsFirst	297	901	0	901	0	0	0	0
C176	901	6	0	0	215	234	226.83333333333334	0	0	0.0	0	0	0.0	0	0	0	0.0	ConditionsFirst	282	901	0	901	0	0	0	0
C177	901	6	0	0	213	232	223.33333333333334	0	0	0.0	0	0	0.0	0	0	0	0.0	ConditionsFirst	286	901	0	901	0	0	0	0
C178	901	6	0	0	217	253	225.33333333333334	0	0	0.0	0	0	0.0	0	0	0	0.0	ConditionsFirst	288	901	0	901	0	0	0	0
C179	901	6	0	0	209	240	222.33333333333334	0	0	0.0	0	0	0.0	0	0	0	0.0	ConditionsFirst	289	901	0	901	0	0	0	0
C180	901	6	0	0	202	248	225.83333333333334	0	0	0.0	0	0	0.0	0	0	0	0.0	ConditionsFirst	282	901	0	901	0	0	0	0
C181	951	6	0	0	224	272	238.33333333333334	0	0	0.0	0	0	0.0	0	0	0	0.0	ConditionsFirst	323	951	0	951	0	0	0	0
C182	951	6	0	0	213	251	235.66666666666666	0	0	0.0	0	0	0.0	0	0	0	0.0	ConditionsFirst	329	951	0	951	0	0	0	0
C183	951	6	0	0	213	257	238.5	0	0	0.0	0	0	0.0	0	0	0	0.0	ConditionsFirst	316	951	0	951	0	0	0	0
C184	951	6	0	0	223	256	236.66666666666666	0	0	0.0	0	0	0.0	0	0	0	0.0	ConditionsFirst	319	951	0	951	0	0	0	0
C185	951	6	0	0	223	256	240.66666666666666	0	0	0.0	0	0	0.0	0	0	0	0.0	ConditionsFirst	319	951	0	951	0	0	0	0
C186	951	6	0	0	226	251	238.0	0	0	0.0	0	0	0.0	0	0	0	0.0	ConditionsFirst	325	951	0	951	0	0	0	0
C187	951	6	0	0	214	258	237.5	0	0	0.0	0	0	0.0	0	0	0	0.0	ConditionsFirst	318	951	0	951	0	0	0	0
C188	951	6	0	0	226	252	236.83333333333334	0	0	0.0	0	0	0.0	0	0	0	0.0	ConditionsFirst	328	951	0	951	0	0	0	0
C189	951	6	0	0	191	257	232.16666666666666	0	0	0.0	0	0	0.0	0	0	0	0.0	ConditionsFirst	329	951	0	951	0	0	0	0
C190	951	6	0	0	230	245	235.16666666666666	0	0	0.0	0	0	0.0	0	0	0	0.0	ConditionsFirst	320	951	0	951	0	0	0	0
C191	1001	6	0	0	241	279	251.16666666666666	0	0	0.0	0	0	0.0	0	0	0	0.0	ConditionsFirst	356	1001	0	1001	0	0	0	0
C192	1001	6	0	0	227	262	247.16666666666666	0	0	0.0	0	0	0.0	0	0	0	0.0	ConditionsFirst	392	1001	0	1001	0	0	0	0
C193	1001	6	0	0	227	272	249.33333333333334	0	0	0.0	0	0	0.0	0	0	0	0.0	ConditionsFirst	350	1001	0	1001	0	0	0	0
C194	1001	6	0	0	234	264	248.33333333333334	0	0	0.0	0	0	0.0	0	0	0	0.0	ConditionsFirst	358	1001	0	1001	0	0	0	0
C195	1001	6	0	0	236	281	253.83333333333334	0	0	0.0	0	0	0.0	0	0	0	0.0	ConditionsFirst	350	1001	0	1001	0	0	0	0
C196	1001	6	0	0	228	264	250.33333333333334	0	0	0.0	0	0	0.0	0	0	0	0.0	ConditionsFirst	354	1001	0	1001	0	0	0	0
C197	1001	6	0	0	230	279	251.66666666666666	0	0	0.0	0	0	0.0	0	0	0	0.0	ConditionsFirst	362	1001	0	1001	0	0	0	0
C198	1001	6	0	0	235	264	246.16666666666666	0	0	0.0	0	0	0.0	0	0	0	0.0	ConditionsFirst	376	1001	0	1001	0	0	0	0
C199	1001	6	0	0	228	272	249.33333333333334	0	0	0.0	0	0	0.0	0	0	0	0.0	ConditionsFirst	357	1001	0	1001	0	0	0	0
C200	1001	6	0	0	222	260	246.33333333333334	0	0	0.0	0	0	0.0	0	0	0	0.0	ConditionsFirst	360	1001	0	1001	0	0	0	0
C201	1051	6	0	0	251	294	264.3333333333333	0	0	0.0	0	0	0.0	0	0	0	0.0	ConditionsFirst	421	1051	0	1051	0	0	0	0
C202	1051	6	0	0	239	281	260.0	0	0	0.0	0	0	0.0	0	0	0	0.0	ConditionsFirst	462	1051	0	1051	0	0	0	0
C203	1051	6	0	0	243	271	261.5	0	0	0.0	0	0	0.0	0	0	0	0.0	ConditionsFirst	434	1051	0	1051	0	0	0	0
C204	1051	6	0	0	256	278	265.0	0	0	0.0	0	0	0.0	0	0	0	0.0	ConditionsFirst	393	1051	0	1051	0	0	0	0
C205	1051	6	0	0	252	280	264.8333333333333	0	0	0.0	0	0	0.0	0	0	0	0.0	ConditionsFirst	398	1051	0	1051	0	0	0	0
C206	1051	6	0	0	254	270	261.5	0	0	0.0	0	0	0.0	0	0	0	0.0	ConditionsFirst	401	1051	0	1051	0	0	0	0
C207	1051	6	0	0	249	292	261.3333333333333	0	0	0.0	0	0	0.0	0	0	0	0.0	ConditionsFirst	404	1051	0	1051	0	0	0	0
C208	1051	6	0	0	227	279	256.1666666666667	0	0	0.0	0	0	0.0	0	0	0	0.0	ConditionsFirst	402	1051	0	1051	0	0	0	0
C209	1051	6	0	0	257	265	261.3333333333333	0	0	0.0	0	0	0.0	0	0	0	0.0	ConditionsFirst	403	1051	0	1051	0	0	0	0
C210	1051	6	0	0	217	279	259.3333333333333	0	0	0.0	0	0	0.0	0	0	0	0.0	ConditionsFirst	410	1051	0	1051	0	0	0	0
C211	1101	6	0	0	260	310	276.1666666666667	0	0	0.0	0	0	0.0	0	0	0	0.0	ConditionsFirst	440	1101	0	1101	0	0	0	0
C212	1101	6	0	0	255	299	273.5	0	0	0.0	0	0	0.0	0	0	0	0.0	ConditionsFirst	450	1101	0	1101	0	0	0	0
C213	1101	6	0	0	246	292	272.8333333333333	0	0	0.0	0	0	0.0	0	0	0	0.0	ConditionsFirst	436	1101	0	1101	0	0	0	0
C214	1101	6	0	0	270	287	278.0	0	0	0.0	0	0	0.0	0	0	0	0.0	ConditionsFirst	422	1101	0	1101	0	0	0	0
C215	1101	6	0	0	258	292	277.1666666666667	0	0	0.0	0	0	0.0	0	0	0	0.0	ConditionsFirst	461	1101	0	1101	0	0	0	0
C216	1101	6	0	0	257	291	275.3333333333333	0	0	0.0	0	0	0.0	0	0	0	0.0	ConditionsFirst	432	1101	0	1101	0	0	0	0
C217	1101	6	0	0	258	291	273.6666666666667	0	0	0.0	0	0	0.0	0	0	0	0.0	ConditionsFirst	439	1101	0	1101	0	0	0	0
C218	1101	6	0	0	234	304	271.5	0	0	0.0	0	0	0.0	0	0	0	0.0	ConditionsFirst	435	1101	0	1101	0	0	0	0
C219	1101	6	0	0	239	290	269.5	0	0	0.0	0	0	0.0	0	0	0	0.0	ConditionsFirst	442	1101	0	1101	0	0	0	0
C220	1101	6	0	0	263	287	273.8333333333333	0	0	0.0	0	0	0.0	0	0	0	0.0	ConditionsFirst	437	1101	0	1101	0	0	0	0
C221	1151	6	0	0	271	319	289.8333333333333	0	0	0.0	0	0	0.0	0	0	0	0.0	ConditionsFirst	477	1151	0	1151	0	0	0	0
C222	1151	6	0	0	254	316	284.8333333333333	0	0	0.0	0	0	0.0	0	0	0	0.0	ConditionsFirst	497	1151	0	1151	0	0	0	0
C223	1151	6	0	0	263	309	286.0	0	0	0.0	0	0	0.0	0	0	0	0.0	ConditionsFirst	476	1151	0	1151	0	0	0	0
C224	1151	6	0	0	277	298	289.1666666666667	0	0	0.0	0	0	0.0	0	0	0	0.0	ConditionsFirst	463	1151	0	1151	0	0	0	0
C225	1151	6	0	0	275	295	288.5	0	0	0.0	0	0	0.0	0	0	0	0.0	ConditionsFirst	473	1151	0	1151	0	0	0	0
C226	1151	6	0	0	257	313	288.0	0	0	0.0	0	0	0.0	0	0	0	0.0	ConditionsFirst	468	1151	0	1151	0	0	0	0
C227	1151	6	0	0	267	307	284.0	0	0	0.0	0	0	0.0	0	0	0	0.0	ConditionsFirst	481	1151	0	1151	0	0	0	0
C228	1151	6	0	0	274	307	288.5	0	0	0.0	0	0	0.0	0	0	0	0.0	ConditionsFirst	469	1151	0	1151	0	0	0	0
C229	1151	6	0	0	252	298	285.3333333333333	0	0	0.0	0	0	0.0	0	0	0	0.0	ConditionsFirst	477	1151	0	1151	0	0	0	0
C230	1151	6	0	0	277	296	286.8333333333333	0	0	0.0	0	0	0.0	0	0	0	0.0	ConditionsFirst	480	1151	0	1151	0	0	0	0
C241	1251	6	0	0	299	344	316.1666666666667	0	0	0.0	0	0	0.0	0	0	0	0.0	ConditionsFirst	554	1251	0	1251	0	0	0	0
C242	1251	6	0	0	287	330	308.6666666666667	0	0	0.0	0	0	0.0	0	0	0	0.0	ConditionsFirst	570	1251	0	1251	0	0	0	0
C243	1251	6	0	0	296	342	310.6666666666667	0	0	0.0	0	0	0.0	0	0	0	0.0	ConditionsFirst	566	1251	0	1251	0	0	0	0
C244	1251	6	0	0	301	338	317.0	0	0	0.0	0	0	0.0	0	0	0	0.0	ConditionsFirst	557	1251	0	1251	0	0	0	0
C245	1251	6	0	0	298	327	311.0	0	0	0.0	0	0	0.0	0	0	0	0.0	ConditionsFirst	584	1251	0	1251	0	0	0	0
C246	1251	6	0	0	306	335	314.0	0	0	0.0	0	0	0.0	0	0	0	0.0	ConditionsFirst	558	1251	0	1251	0	0	0	0
C247	1251	6	0	0	269	336	308.6666666666667	0	0	0.0	0	0	0.0	0	0	0	0.0	ConditionsFirst	566	1251	0	1251	0	0	0	0
C248	1251	6	0	0	279	321	309.5	0	0	0.0	0	0	0.0	0	0	0	0.0	ConditionsFirst	618	1251	0	1251	0	0	0	0
C249	1251	6	0	0	294	320	309.3333333333333	0	0	0.0	0	0	0.0	0	0	0	0.0	ConditionsFirst	578	1251	0	1251	0	0	0	0
C250	1251	6	0	0	304	322	313.8333333333333	0	0	0.0	0	0	0.0	0	0	0	0.0	ConditionsFirst	564	1251	0	1251	0	0	0	0
C251	1301	6	0	0	309	355	327.0	0	0	0.0	0	0	0.0	0	0	0	0.0	ConditionsFirst	605	1301	0	1301	0	0	0	0
C252	1301	6	0	0	296	351	320.8333333333333	0	0	0.0	0	0	0.0	0	0	0	0.0	ConditionsFirst	611	1301	0	1301	0	0	0	0
C253	1301	6	0	0	308	352	323.3333333333333	0	0	0.0	0	0	0.0	0	0	0	0.0	ConditionsFirst	602	1301	0	1301	0	0	0	0
C254	1301	6	0	0	311	356	329.0	0	0	0.0	0	0	0.0	0	0	0	0.0	ConditionsFirst	606	1301	0	1301	0	0	0	0
C255	1301	6	0	0	312	338	324.5	0	0	0.0	0	0	0.0	0	0	0	0.0	ConditionsFirst	603	1301	0	1301	0	0	0	0
C256	1301	6	0	0	307	343	322.8333333333333	0	0	0.0	0	0	0.0	0	0	0	0.0	ConditionsFirst	617	1301	0	1301	0	0	0	0
C257	1301	6	0	0	310	341	323.3333333333333	0	0	0.0	0	0	0.0	0	0	0	0.0	ConditionsFirst	607	1301	0	1301	0	0	0	0
C258	1301	6	0	0	282	342	321.5	0	0	0.0	0	0	0.0	0	0	0	0.0	ConditionsFirst	612	1301	0	1301	0	0	0	0
C259	1301	6	0	0	315	332	325.0	0	0	0.0	0	0	0.0	0	0	0	0.0	ConditionsFirst	640	1301	0	1301	0	0	0	0
C260	1301	6	0	0	299	342	321.6666666666667	0	0	0.0	0	0	0.0	0	0	0	0.0	ConditionsFirst	611	1301	0	1301	0	0	0	0
C261	1351	6	0	0	318	366	339.3333333333333	0	0	0.0	0	0	0.0	0	0	0	0.0	ConditionsFirst	712	1351	0	1351	0	0	0	0
C262	1351	6	0	0	302	369	336.1666666666667	0	0	0.0	0	0	0.0	0	0	0	0.0	ConditionsFirst	721	1351	0	1351	0	0	0	0
C263	1351	6	0	0	318	358	335.3333333333333	0	0	0.0	0	0	0.0	0	0	0	0.0	ConditionsFirst	669	1351	0	1351	0	0	0	0
C264	1351	6	0	0	325	353	340.3333333333333	0	0	0.0	0	0	0.0	0	0	0	0.0	ConditionsFirst	707	1351	0	1351	0	0	0	0
C265	1351	6	0	0	310	367	339.6666666666667	0	0	0.0	0	0	0.0	0	0	0	0.0	ConditionsFirst	657	1351	0	1351	0	0	0	0
C266	1351	6	0	0	310	365	333.6666666666667	0	0	0.0	0	0	0.0	0	0	0	0.0	ConditionsFirst	673	1351	0	1351	0	0	0	0
C267	1351	6	0	0	315	347	335.1666666666667	0	0	0.0	0	0	0.0	0	0	0	0.0	ConditionsFirst	677	1351	0	1351	0	0	0	0
C268	1351	6	0	0	315	353	332.3333333333333	0	0	0.0	0	0	0.0	0	0	0	0.0	ConditionsFirst	677	1351	0	1351	0	0	0	0
C269	1351	6	0	0	326	342	336.5	0	0	0.0	0	0	0.0	0	0	0	0.0	ConditionsFirst	739	1351	0	1351	0	0	0	0
C270	1351	6	0	0	315	349	333.0	0	0	0.0	0	0	0.0	0	0	0	0.0	ConditionsFirst	665	1351	0	1351	0	0	0	0
C271	1401	6	0	0	332	383	353.5	0	0	0.0	0	0	0.0	0	0	0	0.0	ConditionsFirst	737	1401	0	1401	0	0	0	0
C272	1401	6	0	0	325	378	350.6666666666667	0	0	0.0	0	0	0.0	0	0	0	0.0	ConditionsFirst	706	1401	0	1401	0	0	0	0
C273	1401	6	0	0	332	373	350.5	0	0	0.0	0	0	0.0	0	0	0	0.0	ConditionsFirst	699	1401	0	1401	0	0	0	0
C274	1401	6	0	0	337	365	351.6666666666667	0	0	0.0	0	0	0.0	0	0	0	0.0	ConditionsFirst	705	1401	0	1401	0	0	0	0
C275	1401	6	0	0	327	380	351.0	0	0	0.0	0	0	0.0	0	0	0	0.0	ConditionsFirst	736	1401	0	1401	0	0	0	0
C276	1401	6	0	0	314	367	343.5	0	0	0.0	0	0	0.0	0	0	0	0.0	ConditionsFirst	739	1401	0	1401	0	0	0	0
C277	1401	6	0	0	328	357	348.0	0	0	0.0	0	0	0.0	0	0	0	0.0	ConditionsFirst	724	1401	0	1401	0	0	0	0
C278	1401	6	0	0	330	363	348.3333333333333	0	0	0.0	0	0	0.0	0	0	0	0.0	ConditionsFirst	714	1401	0	1401	0	0	0	0
C279	1401	6	0	0	336	366	349.1666666666667	0	0	0.0	0	0	0.0	0	0	0	0.0	ConditionsFirst	716	1401	0	1401	0	0	0	0
C280	1401	6	0	0	325	357	345.5	0	0	0.0	0	0	0.0	0	0	0	0.0	ConditionsFirst	718	1401	0	1401	0	0	0	0
C291	1501	6	0	0	347	408	377.3333333333333	0	0	0.0	0	0	0.0	0	0	0	0.0	ConditionsFirst	823	1501	0	1501	0	0	0	0
C292	1501	6	0	0	342	399	374.0	0	0	0.0	0	0	0.0	0	0	0	0.0	ConditionsFirst	811	1501	0	1501	0	0	0	0
C293	1501	6	0	0	360	399	378.5	0	0	0.0	0	0	0.0	0	0	0	0.0	ConditionsFirst	803	1501	0	1501	0	0	0	0
C294	1501	6	0	0	366	391	376.8333333333333	0	0	0.0	0	0	0.0	0	0	0	0.0	ConditionsFirst	857	1501	0	1501	0	0	0	0
C295	1501	6	0	0	364	406	378.6666666666667	0	0	0.0	0	0	0.0	0	0	0	0.0	ConditionsFirst	811	1501	0	1501	0	0	0	0
C296	1501	6	0	0	332	408	371.5	0	0	0.0	0	0	0.0	0	0	0	0.0	ConditionsFirst	821	1501	0	1501	0	0	0	0
C297	1501	6	0	0	326	388	369.6666666666667	0	0	0.0	0	0	0.0	0	0	0	0.0	ConditionsFirst	826	1501	0	1501	0	0	0	0
C298	1501	6	0	0	370	386	376.0	0	0	0.0	0	0	0.0	0	0	0	0.0	ConditionsFirst	815	1501	0	1501	0	0	0	0
C299	1501	6	0	0	354	389	371.8333333333333	0	0	0.0	0	0	0.0	0	0	0	0.0	ConditionsFirst	860	1501	0	1501	0	0	0	0
C300	1501	6	0	0	333	419	373.8333333333333	0	0	0.0	0	0	0.0	0	0	0	0.0	ConditionsFirst	830	1501	0	1501	0	0	0	0
C301	1551	6	0	0	357	418	389.0	0	0	0.0	0	0	0.0	0	0	0	0.0	ConditionsFirst	875	1551	0	1551	0	0	0	0
C302	1551	6	0	0	359	409	385.8333333333333	0	0	0.0	0	0	0.0	0	0	0	0.0	ConditionsFirst	877	1551	0	1551	0	0	0	0
C303	1551	6	0	0	382	414	392.0	0	0	0.0	0	0	0.0	0	0	0	0.0	ConditionsFirst	858	1551	0	1551	0	0	0	0
C304	1551	6	0	0	380	400	387.1666666666667	0	0	0.0	0	0	0.0	0	0	0	0.0	ConditionsFirst	873	1551	0	1551	0	0	0	0
C305	1551	6	0	0	375	403	386.3333333333333	0	0	0.0	0	0	0.0	0	0	0	0.0	ConditionsFirst	881	1551	0	1551	0	0	0	0
C306	1551	6	0	0	367	402	385.8333333333333	0	0	0.0	0	0	0.0	0	0	0	0.0	ConditionsFirst	936	1551	0	1551	0	0	0	0
C307	1551	6	0	0	357	404	384.1666666666667	0	0	0.0	0	0	0.0	0	0	0	0.0	ConditionsFirst	880	1551	0	1551	0	0	0	0
C308	1551	6	0	0	374	404	386.8333333333333	0	0	0.0	0	0	0.0	0	0	0	0.0	ConditionsFirst	876	1551	0	1551	0	0	0	0
C309	1551	6	0	0	344	399	380.6666666666667	0	0	0.0	0	0	0.0	0	0	0	0.0	ConditionsFirst	898	1551	0	1551	0	0	0	0
C310	1551	6	0	0	371	407	386.3333333333333	0	0	0.0	0	0	0.0	0	0	0	0.0	ConditionsFirst	886	1551	0	1551	0	0	0	0
C311	1601	6	0	0	366	429	400.6666666666667	0	0	0.0	0	0	0.0	0	0	0	0.0	ConditionsFirst	1006	1601	0	1601	0	0	0	0
C312	1601	6	0	0	363	422	397.6666666666667	0	0	0.0	0	0	0.0	0	0	0	0.0	ConditionsFirst	960	1601	0	1601	0	0	0	0
C313	1601	6	0	0	389	424	404.6666666666667	0	0	0.0	0	0	0.0	0	0	0	0.0	ConditionsFirst	947	1601	0	1601	0	0	0	0
C314	1601	6	0	0	383	414	401.1666666666667	0	0	0.0	0	0	0.0	0	0	0	0.0	ConditionsFirst	939	1601	0	1601	0	0	0	0
C315	1601	6	0	0	371	421	396.6666666666667	0	0	0.0	0	0	0.0	0	0	0	0.0	ConditionsFirst	948	1601	0	1601	0	0	0	0
C316	1601	6	0	0	378	416	397.3333333333333	0	0	0.0	0	0	0.0	0	0	0	0.0	ConditionsFirst	990	1601	0	1601	0	0	0	0
C317	1601	6	0	0	380	412	399.1666666666667	0	0	0.0	0	0	0.0	0	0	0	0.0	ConditionsFirst	931	1601	0	1601	0	0	0	0
C318	1601	6	0	0	379	412	397.5	0	0	0.0	0	0	0.0	0	0	0	0.0	ConditionsFirst	944	1601	0	1601	0	0	0	0
C319	1601	6	0	0	372	411	396.1666666666667	0	0	0.0	0	0	0.0	0	0	0	0.0	ConditionsFirst	938	1601	0	1601	0	0	0	0
C320	1601	6	0	0	384	431	402.3333333333333	0	0	0.0	0	0	0.0	0	0	0	0.0	ConditionsFirst	940	1601	0	1601	0	0	0	0
C321	1651	6	0	0	378	439	412.1666666666667	0	0	0.0	0	0	0.0	0	0	0	0.0	ConditionsFirst	1008	1651	0	1651	0	0	0	0
C322	1651	6	0	0	373	444	411.0	0	0	0.0	0	0	0.0	0	0	0	0.0	ConditionsFirst	1006	1651	0	1651	0	0	0	0
C323	1651	6	0	0	391	432	415.0	0	0	0.0	0	0	0.0	0	0	0	0.0	ConditionsFirst	985	1651	0	1651	0	0	0	0
C324	1651	6	0	0	379	433	411.5	0	0	0.0	0	0	0.0	0	0	0	0.0	ConditionsFirst	1001	1651	0	1651	0	0	0	0
C325	1651	6	0	0	375	433	407.3333333333333	0	0	0.0	0	0	0.0	0	0	0	0.0	ConditionsFirst	1069	1651	0	1651	0	0	0	0
C326	1651	6	0	0	393	418	410.3333333333333	0	0	0.0	0	0	0.0	0	0	0	0.0	ConditionsFirst	1012	1651	0	1651	0	0	0	0
C327	1651	6	0	0	401	420	408.1666666666667	0	0	0.0	0	0	0.0	0	0	0	0.0	ConditionsFirst	1033	1651	0	1651	0	0	0	0
C328	1651	6	0	0	380	439	409.0	0	0	0.0	0	0	0.0	0	0	0	0.0	ConditionsFirst	999	1651	0	1651	0	0	0	0
C329	1651	6	0	0	378	449	406.8333333333333	0	0	0.0	0	0	0.0	0	0	0	0.0	ConditionsFirst	1004	1651	0	1651	0	0	0	0
C330	1651	6	0	0	386	441	413.3333333333333	0	0	0.0	0	0	0.0	0	0	0	0.0	ConditionsFirst	1052	1651	0	1651	0	0	0	0
C331	1701	6	0	0	396	450	426.3333333333333	0	0	0.0	0	0	0.0	0	0	0	0.0	ConditionsFirst	1078	1701	0	1701	0	0	0	0
C332	1701	6	0	0	379	456	422.8333333333333	0	0	0.0	0	0	0.0	0	0	0	0.0	ConditionsFirst	1073	1701	0	1701	0	0	0	0
C333	1701	6	0	0	410	443	429.3333333333333	0	0	0.0	0	0	0.0	0	0	0	0.0	ConditionsFirst	1049	1701	0	1701	0	0	0	0
C334	1701	6	0	0	404	449	426.5	0	0	0.0	0	0	0.0	0	0	0	0.0	ConditionsFirst	1061	1701	0	1701	0	0	0	0
C335	1701	6	0	0	390	436	418.0	0	0	0.0	0	0	0.0	0	0	0	0.0	ConditionsFirst	1112	1701	0	1701	0	0	0	0
C336	1701	6	0	0	391	447	422.8333333333333	0	0	0.0	0	0	0.0	0	0	0	0.0	ConditionsFirst	1064	1701	0	1701	0	0	0	0
C337	1701	6	0	0	414	434	425.6666666666667	0	0	0.0	0	0	0.0	0	0	0	0.0	ConditionsFirst	1059	1701	0	1701	0	0	0	0
C338	1701	6	0	0	409	431	421.5	0	0	0.0	0	0	0.0	0	0	0	0.0	ConditionsFirst	1069	1701	0	1701	0	0	0	0
C339	1701	6	0	0	399	463	426.1666666666667	0	0	0.0	0	0	0.0	0	0	0	0.0	ConditionsFirst	1065	1701	0	1701	0	0	0	0
C340	1701	6	0	0	366	476	423.1666666666667	0	0	0.0	0	0	0.0	0	0	0	0.0	ConditionsFirst	1134	1701	0	1701	0	0	0	0
C341	1751	6	0	0	403	457	437.8333333333333	0	0	0.0	0	0	0.0	0	0	0	0.0	ConditionsFirst	1174	1751	0	1751	0	0	0	0
C342	1751	6	0	0	394	468	436.5	0	0	0.0	0	0	0.0	0	0	0	0.0	ConditionsFirst	1123	1751	0	1751	0	0	0	0
C343	1751	6	0	0	415	458	441.0	0	0	0.0	0	0	0.0	0	0	0	0.0	ConditionsFirst	1105	1751	0	1751	0	0	0	0
C344	1751	6	0	0	406	471	438.0	0	0	0.0	0	0	0.0	0	0	0	0.0	ConditionsFirst	1134	1751	0	1751	0	0	0	0
C345	1751	6	0	0	401	457	433.0	0	0	0.0	0	0	0.0	0	0	0	0.0	ConditionsFirst	1146	1751	0	1751	0	0	0	0
C346	1751	6	0	0	385	455	432.6666666666667	0	0	0.0	0	0	0.0	0	0	0	0.0	ConditionsFirst	1135	1751	0	1751	0	0	0	0
C347	1751	6	0	0	422	461	439.0	0	0	0.0	0	0	0.0	0	0	0	0.0	ConditionsFirst	1190	1751	0	1751	0	0	0	0
C348	1751	6	0	0	410	441	430.0	0	0	0.0	0	0	0.0	0	0	0	0.0	ConditionsFirst	1136	1751	0	1751	0	0	0	0
C349	1751	6	0	0	425	456	437.8333333333333	0	0	0.0	0	0	0.0	0	0	0	0.0	ConditionsFirst	1100	1751	0	1751	0	0	0	0
C350	1751	6	0	0	419	487	439.3333333333333	0	0	0.0	0	0	0.0	0	0	0	0.0	ConditionsFirst	1112	1751	0	1751	0	0	0	0
C351	1801	6	0	0	417	475	450.6666666666667	0	0	0.0	0	0	0.0	0	0	0	0.0	ConditionsFirst	1189	1801	0	1801	0	0	0	0
C352	1801	6	0	0	401	475	449.1666666666667	0	0	0.0	0	0	0.0	0	0	0	0.0	ConditionsFirst	1255	1801	0	1801	0	0	0	0
C353	1801	6	0	0	435	470	453.6666666666667	0	0	0.0	0	0	0.0	0	0	0	0.0	ConditionsFirst	1179	1801	0	1801	0	0	0	0
C354	1801	6	0	0	429	483	451.5	0	0	0.0	0	0	0.0	0	0	0	0.0	ConditionsFirst	1206	1801	0	1801	0	0	0	0
C355	1801	6	0	0	411	482	444.0	0	0	0.0	0	0	0.0	0	0	0	0.0	ConditionsFirst	1194	1801	0	1801	0	0	0	0
C356	1801	6	0	0	414	464	443.1666666666667	0	0	0.0	0	0	0.0	0	0	0	0.0	ConditionsFirst	1222	1801	0	1801	0	0	0	0
C357	1801	6	0	0	435	470	448.6666666666667	0	0	0.0	0	0	0.0	0	0	0	0.0	ConditionsFirst	1198	1801	0	1801	0	0	0	0
C358	1801	6	0	0	417	469	446.3333333333333	0	0	0.0	0	0	0.0	0	0	0	0.0	ConditionsFirst	1196	1801	0	1801	0	0	0	0
C359	1801	6	0	0	422	487	451.3333333333333	0	0	0.0	0	0	0.0	0	0	0	0.0	ConditionsFirst	1227	1801	0	1801	0	0	0	0
C360	1801	6	0	0	434	480	451.3333333333333	0	0	0.0	0	0	0.0	0	0	0	0.0	ConditionsFirst	1180	1801	0	1801	0	0	0	0
C361	1851	6	0	0	427	486	462.6666666666667	0	0	0.0	0	0	0.0	0	0	0	0.0	ConditionsFirst	1280	1851	0	1851	0	0	0	0
C362	1851	6	0	0	439	479	459.3333333333333	0	0	0.0	0	0	0.0	0	0	0	0.0	ConditionsFirst	1301	1851	0	1851	0	0	0	0
C363	1851	6	0	0	449	485	469.0	0	0	0.0	0	0	0.0	0	0	0	0.0	ConditionsFirst	1268	1851	0	1851	0	0	0	0
C364	1851	6	0	0	429	500	462.8333333333333	0	0	0.0	0	0	0.0	0	0	0	0.0	ConditionsFirst	1337	1851	0	1851	0	0	0	0
C365	1851	6	0	0	430	485	458.1666666666667	0	0	0.0	0	0	0.0	0	0	0	0.0	ConditionsFirst	1348	1851	0	1851	0	0	0	0
C366	1851	6	0	0	427	477	460.1666666666667	0	0	0.0	0	0	0.0	0	0	0	0.0	ConditionsFirst	1292	1851	0	1851	0	0	0	0
C367	1851	6	0	0	442	481	460.5	0	0	0.0	0	0	0.0	0	0	0	0.0	ConditionsFirst	1287	1851	0	1851	0	0	0	0
C368	1851	6	0	0	435	484	456.8333333333333	0	0	0.0	0	0	0.0	0	0	0	0.0	ConditionsFirst	1285	1851	0	1851	0	0	0	0
C369	1851	6	0	0	427	495	461.6666666666667	0	0	0.0	0	0	0.0	0	0	0	0.0	ConditionsFirst	1299	1851	0	1851	0	0	0	0
C370	1851	6	0	0	436	485	461.0	0	0	0.0	0	0	0.0	0	0	0	0.0	ConditionsFirst	1296	1851	0	1851	0	0	0	0
C371	1901	6	0	0	440	499	474.0	0	0	0.0	0	0	0.0	0	0	0	0.0	ConditionsFirst	1347	1901	0	1901	0	0	0	0
C372	1901	6	0	0	451	497	473.5	0	0	0.0	0	0	0.0	0	0	0	0.0	ConditionsFirst	1390	1901	0	1901	0	0	0	0
C373	1901	6	0	0	460	495	478.5	0	0	0.0	0	0	0.0	0	0	0	0.0	ConditionsFirst	1334	1901	0	1901	0	0	0	0
C374	1901	6	0	0	446	495	473.5	0	0	0.0	0	0	0.0	0	0	0	0.0	ConditionsFirst	1336	1901	0	1901	0	0	0	0
C375	1901	6	0	0	451	490	470.0	0	0	0.0	0	0	0.0	0	0	0	0.0	ConditionsFirst	1397	1901	0	1901	0	0	0	0
C376	1901	6	0	0	445	487	471.6666666666667	0	0	0.0	0	0	0.0	0	0	0	0.0	ConditionsFirst	1356	1901	0	1901	0	0	0	0
C377	1901	6	0	0	454	495	471.1666666666667	0	0	0.0	0	0	0.0	0	0	0	0.0	ConditionsFirst	1430	1901	0	1901	0	0	0	0
C378	1901	6	0	0	453	513	472.1666666666667	0	0	0.0	0	0	0.0	0	0	0	0.0	ConditionsFirst	1444	1901	0	1901	0	0	0	0
C379	1901	6	0	0	425	537	476.0	0	0	0.0	0	0	0.0	0	0	0	0.0	ConditionsFirst	1457	1901	0	1901	0	0	0	0
C380	1901	6	0	0	455	485	473.3333333333333	0	0	0.0	0	0	0.0	0	0	0	0.0	ConditionsFirst	1372	1901	0	1901	0	0	0	0
C381	1951	6	0	0	448	512	486.6666666666667	0	0	0.0	0	0	0.0	0	0	0	0.0	ConditionsFirst	1399	1951	0	1951	0	0	0	0
C382	1951	6	0	0	469	507	488.1666666666667	0	0	0.0	0	0	0.0	0	0	0	0.0	ConditionsFirst	1392	1951	0	1951	0	0	0	0
C383	1951	6	0	0	466	507	489.8333333333333	0	0	0.0	0	0	0.0	0	0	0	0.0	ConditionsFirst	1395	1951	0	1951	0	0	0	0
C384	1951	6	0	0	472	513	487.5	0	0	0.0	0	0	0.0	0	0	0	0.0	ConditionsFirst	1405	1951	0	1951	0	0	0	0
C385	1951	6	0	0	473	498	483.0	0	0	0.0	0	0	0.0	0	0	0	0.0	ConditionsFirst	1466	1951	0	1951	0	0	0	0
C386	1951	6	0	0	473	499	484.3333333333333	0	0	0.0	0	0	0.0	0	0	0	0.0	ConditionsFirst	1400	1951	0	1951	0	0	0	0
C387	1951	6	0	0	471	492	481.5	0	0	0.0	0	0	0.0	0	0	0	0.0	ConditionsFirst	1552	1951	0	1951	0	0	0	0
C388	1951	6	0	0	463	508	490.3333333333333	0	0	0.0	0	0	0.0	0	0	0	0.0	ConditionsFirst	1485	1951	0	1951	0	0	0	0
C389	1951	6	0	0	470	532	487.3333333333333	0	0	0.0	0	0	0.0	0	0	0	0.0	ConditionsFirst	1473	1951	0	1951	0	0	0	0
C390	1951	6	0	0	464	509	484.1666666666667	0	0	0.0	0	0	0.0	0	0	0	0.0	ConditionsFirst	1586	1951	0	1951	0	0	0	0
C391	2001	6	0	0	465	519	499.1666666666667	0	0	0.0	0	0	0.0	0	0	0	0.0	ConditionsFirst	1610	2001	0	2001	0	0	0	0
C392	2001	6	0	0	476	523	498.6666666666667	0	0	0.0	0	0	0.0	0	0	0	0.0	ConditionsFirst	1479	2001	0	2001	0	0	0	0
C393	2001	6	0	0	481	523	502.0	0	0	0.0	0	0	0.0	0	0	0	0.0	ConditionsFirst	1549	2001	0	2001	0	0	0	0
C394	2001	6	0	0	479	521	497.0	0	0	0.0	0	0	0.0	0	0	0	0.0	ConditionsFirst	1522	2001	0	2001	0	0	0	0
C395	2001	6	0	0	484	516	498.0	0	0	0.0	0	0	0.0	0	0	0	0.0	ConditionsFirst	1471	2001	0	2001	0	0	0	0
C396	2001	6	0	0	488	510	498.8333333333333	0	0	0.0	0	0	0.0	0	0	0	0.0	ConditionsFirst	1570	2001	0	2001	0	0	0	0
C397	2001	6	0	0	470	508	491.8333333333333	0	0	0.0	0	0	0.0	0	0	0	0.0	ConditionsFirst	1510	2001	0	2001	0	0	0	0
C398	2001	6	0	0	473	526	499.8333333333333	0	0	0.0	0	0	0.0	0	0	0	0.0	ConditionsFirst	1457	2001	0	2001	0	0	0	0
C399	2001	6	0	0	480	543	502.6666666666667	0	0	0.0	0	0	0.0	0	0	0	0.0	ConditionsFirst	1561	2001	0	2001	0	0	0	0
C400	2001	6	0	0	466	523	496.1666666666667	0	0	0.0	0	0	0.0	0	0	0	0.0	ConditionsFirst	1658	2001	0	2001	0	0	0	0
C401	2051	6	0	0	468	534	511.5	0	0	0.0	0	0	0.0	0	0	0	0.0	ConditionsFirst	1580	2051	0	2051	0	0	0	0
C402	2051	6	0	0	488	546	511.8333333333333	0	0	0.0	0	0	0.0	0	0	0	0.0	ConditionsFirst	1540	2051	0	2051	0	0	0	0
C403	2051	6	0	0	497	528	513.0	0	0	0.0	0	0	0.0	0	0	0	0.0	ConditionsFirst	1621	2051	0	2051	0	0	0	0
C404	2051	6	0	0	475	536	508.3333333333333	0	0	0.0	0	0	0.0	0	0	0	0.0	ConditionsFirst	1597	2051	0	2051	0	0	0	0
C405	2051	6	0	0	479	530	511.8333333333333	0	0	0.0	0	0	0.0	0	0	0	0.0	ConditionsFirst	1552	2051	0	2051	0	0	0	0
C406	2051	6	0	0	502	526	513.1666666666666	0	0	0.0	0	0	0.0	0	0	0	0.0	ConditionsFirst	1608	2051	0	2051	0	0	0	0
C407	2051	6	0	0	474	543	509.3333333333333	0	0	0.0	0	0	0.0	0	0	0	0.0	ConditionsFirst	1558	2051	0	2051	0	0	0	0
C408	2051	6	0	0	487	541	513.1666666666666	0	0	0.0	0	0	0.0	0	0	0	0.0	ConditionsFirst	1546	2051	0	2051	0	0	0	0
C409	2051	6	0	0	486	548	514.5	0	0	0.0	0	0	0.0	0	0	0	0.0	ConditionsFirst	1624	2051	0	2051	0	0	0	0
C410	2051	6	0	0	476	537	509.0	0	0	0.0	0	0	0.0	0	0	0	0.0	ConditionsFirst	1634	2051	0	2051	0	0	0	0
C411	2101	6	0	0	487	547	525.0	0	0	0.0	0	0	0.0	0	0	0	0.0	ConditionsFirst	1680	2101	0	2101	0	0	0	0
C412	2101	6	0	0	501	550	524.8333333333334	0	0	0.0	0	0	0.0	0	0	0	0.0	ConditionsFirst	1754	2101	0	2101	0	0	0	0
C413	2101	6	0	0	515	545	526.0	0	0	0.0	0	0	0.0	0	0	0	0.0	ConditionsFirst	1699	2101	0	2101	0	0	0	0
C414	2101	6	0	0	472	548	520.5	0	0	0.0	0	0	0.0	0	0	0	0.0	ConditionsFirst	1878	2101	0	2101	0	0	0	0
C415	2101	6	0	0	474	538	519.1666666666666	0	0	0.0	0	0	0.0	0	0	0	0.0	ConditionsFirst	1816	2101	0	2101	0	0	0	0
C416	2101	6	0	0	504	550	524.5	0	0	0.0	0	0	0.0	0	0	0	0.0	ConditionsFirst	1707	2101	0	2101	0	0	0	0
C417	2101	6	0	0	495	548	519.8333333333334	0	0	0.0	0	0	0.0	0	0	0	0.0	ConditionsFirst	1649	2101	0	2101	0	0	0	0
C418	2101	6	0	0	484	564	523.1666666666666	0	0	0.0	0	0	0.0	0	0	0	0.0	ConditionsFirst	2329	2101	0	2101	0	0	0	0
C419	2101	6	0	0	508	540	524.1666666666666	0	0	0.0	0	0	0.0	0	0	0	0.0	ConditionsFirst	1676	2101	0	2101	0	0	0	0
C420	2101	6	0	0	496	537	520.0	0	0	0.0	0	0	0.0	0	0	0	0.0	ConditionsFirst	1649	2101	0	2101	0	0	0	0
