id	numberOfActions	numberOfProcesses	numberOfProcedures	numberOfConditionals	minLengthOfProcesses	maxLengthOfProcesses	avgLengthOfProcesses	minNumberOfProceduresInProcesses	maxNumberOfProceduresInProcesses	avgNumberOfProceduresInProcesses	minNumberOfConditionalsInProcesses	maxNumberOfConditionalsInProcesses	avgNumberOfConditionalsInProcesses	numberOfProcessesWithConditionals	minProcedureLengthInProcesses	maxProcedureLengthInProcesses	avgProcedureLengthInProcesses	strategy	time(msec)	nodes	badLoops	mainLength	numOfProcedures	minProcedureLength	maxProcedureLength	avgProcedureLength
C1	51	6	0	0	8	17	12.666666666666666	0	0	0.0	0	0	0.0	0	0	0	0.0	ConditionsFirst	83	501	0	501	0	0	0	0
C2	51	6	0	0	6	15	11.333333333333334	0	0	0.0	0	0	0.0	0	0	0	0.0	ConditionsFirst	85	501	0	501	0	0	0	0
C3	51	6	0	0	10	15	12.5	0	0	0.0	0	0	0.0	0	0	0	0.0	ConditionsFirst	88	501	0	501	0	0	0	0
C4	51	6	0	0	4	16	11.666666666666666	0	0	0.0	0	0	0.0	0	0	0	0.0	ConditionsFirst	87	501	0	501	0	0	0	0
C5	51	6	0	0	11	16	13.166666666666666	0	0	0.0	0	0	0.0	0	0	0	0.0	ConditionsFirst	82	501	0	501	0	0	0	0
C6	51	6	0	0	9	15	12.666666666666666	0	0	0.0	0	0	0.0	0	0	0	0.0	ConditionsFirst	90	501	0	501	0	0	0	0
C7	51	6	0	0	7	18	12.5	0	0	0.0	0	0	0.0	0	0	0	0.0	ConditionsFirst	81	501	0	501	0	0	0	0
C8	51	6	0	0	6	17	13.833333333333334	0	0	0.0	0	0	0.0	0	0	0	0.0	ConditionsFirst	85	501	0	501	0	0	0	0
C9	51	6	0	0	8	18	12.166666666666666	0	0	0.0	0	0	0.0	0	0	0	0.0	ConditionsFirst	84	501	0	501	0	0	0	0
C10	51	6	0	0	10	14	11.833333333333334	0	0	0.0	0	0	0.0	0	0	0	0.0	ConditionsFirst	86	501	0	501	0	0	0	0
C11	101	6	0	0	16	30	24.333333333333332	0	0	0.0	0	0	0.0	0	0	0	0.0	ConditionsFirst	3	101	0	101	0	0	0	0
C12	101	6	0	0	17	28	23.833333333333332	0	0	0.0	0	0	0.0	0	0	0	0.0	ConditionsFirst	3	101	0	101	0	0	0	0
C13	101	6	0	0	20	30	26.0	0	0	0.0	0	0	0.0	0	0	0	0.0	ConditionsFirst	3	101	0	101	0	0	0	0
C14	101	6	0	0	17	32	26.0	0	0	0.0	0	0	0.0	0	0	0	0.0	ConditionsFirst	2	101	0	101	0	0	0	0
C15	101	6	0	0	20	29	24.333333333333332	0	0	0.0	0	0	0.0	0	0	0	0.0	ConditionsFirst	3	101	0	101	0	0	0	0
C16	101	6	0	0	22	30	25.666666666666668	0	0	0.0	0	0	0.0	0	0	0	0.0	ConditionsFirst	3	101	0	101	0	0	0	0
C17	101	6	0	0	14	32	24.5	0	0	0.0	0	0	0.0	0	0	0	0.0	ConditionsFirst	3	101	0	101	0	0	0	0
C18	101	6	0	0	18	33	25.166666666666668	0	0	0.0	0	0	0.0	0	0	0	0.0	ConditionsFirst	3	101	0	101	0	0	0	0
C19	101	6	0	0	20	28	25.666666666666668	0	0	0.0	0	0	0.0	0	0	0	0.0	ConditionsFirst	3	101	0	101	0	0	0	0
C20	101	6	0	0	19	27	24.833333333333332	0	0	0.0	0	0	0.0	0	0	0	0.0	ConditionsFirst	3	101	0	101	0	0	0	0
C21	501	15	0	0	42	68	50.06666666666667	0	0	0.0	0	0	0.0	0	0	0	0.0	ConditionsFirst	86	501	0	501	0	0	0	0
C22	501	15	0	0	29	57	49.333333333333336	0	0	0.0	0	0	0.0	0	0	0	0.0	ConditionsFirst	85	501	0	501	0	0	0	0
C23	501	15	0	0	34	60	50.4	0	0	0.0	0	0	0.0	0	0	0	0.0	ConditionsFirst	83	501	0	501	0	0	0	0
C24	501	15	0	0	32	60	49.13333333333333	0	0	0.0	0	0	0.0	0	0	0	0.0	ConditionsFirst	86	501	0	501	0	0	0	0
C25	501	15	0	0	41	64	49.733333333333334	0	0	0.0	0	0	0.0	0	0	0	0.0	ConditionsFirst	88	501	0	501	0	0	0	0
C26	501	15	0	0	40	64	50.86666666666667	0	0	0.0	0	0	0.0	0	0	0	0.0	ConditionsFirst	87	501	0	501	0	0	0	0
C27	501	15	0	0	33	64	50.4	0	0	0.0	0	0	0.0	0	0	0	0.0	ConditionsFirst	111	501	0	501	0	0	0	0
C28	501	15	0	0	42	58	49.266666666666666	0	0	0.0	0	0	0.0	0	0	0	0.0	ConditionsFirst	87	501	0	501	0	0	0	0
C29	501	15	0	0	36	61	50.733333333333334	0	0	0.0	0	0	0.0	0	0	0	0.0	ConditionsFirst	85	501	0	501	0	0	0	0
C30	501	15	0	0	37	61	48.86666666666667	0	0	0.0	0	0	0.0	0	0	0	0.0	ConditionsFirst	89	501	0	501	0	0	0	0
C31	501	20	0	0	27	49	37.8	0	0	0.0	0	0	0.0	0	0	0	0.0	ConditionsFirst	13	201	0	201	0	0	0	0
C32	501	20	0	0	28	47	37.95	0	0	0.0	0	0	0.0	0	0	0	0.0	ConditionsFirst	11	201	0	201	0	0	0	0
C33	501	20	0	0	21	48	37.15	0	0	0.0	0	0	0.0	0	0	0	0.0	ConditionsFirst	11	201	0	201	0	0	0	0
C34	501	20	0	0	29	50	37.75	0	0	0.0	0	0	0.0	0	0	0	0.0	ConditionsFirst	12	201	0	201	0	0	0	0
C35	501	20	0	0	28	45	37.85	0	0	0.0	0	0	0.0	0	0	0	0.0	ConditionsFirst	11	201	0	201	0	0	0	0
C36	501	20	0	0	26	58	37.35	0	0	0.0	0	0	0.0	0	0	0	0.0	ConditionsFirst	11	201	0	201	0	0	0	0
C37	501	20	0	0	26	45	37.8	0	0	0.0	0	0	0.0	0	0	0	0.0	ConditionsFirst	11	201	0	201	0	0	0	0
C38	501	20	0	0	28	46	37.6	0	0	0.0	0	0	0.0	0	0	0	0.0	ConditionsFirst	12	201	0	201	0	0	0	0
C39	501	20	0	0	28	48	37.6	0	0	0.0	0	0	0.0	0	0	0	0.0	ConditionsFirst	12	201	0	201	0	0	0	0
C40	501	20	0	0	28	55	38.1	0	0	0.0	0	0	0.0	0	0	0	0.0	ConditionsFirst	11	201	0	201	0	0	0	0
C41	251	6	0	0	43	76	61.333333333333336	0	0	0.0	0	0	0.0	0	0	0	0.0	ConditionsFirst	92	501	0	501	0	0	0	0
C42	251	6	0	0	52	71	62.833333333333336	0	0	0.0	0	0	0.0	0	0	0	0.0	ConditionsFirst	93	501	0	501	0	0	0	0
C43	251	6	0	0	52	73	64.0	0	0	0.0	0	0	0.0	0	0	0	0.0	ConditionsFirst	84	501	0	501	0	0	0	0
C44	251	6	0	0	54	71	62.5	0	0	0.0	0	0	0.0	0	0	0	0.0	ConditionsFirst	88	501	0	501	0	0	0	0
C45	251	6	0	0	59	67	63.333333333333336	0	0	0.0	0	0	0.0	0	0	0	0.0	ConditionsFirst	96	501	0	501	0	0	0	0
C46	251	6	0	0	50	74	62.833333333333336	0	0	0.0	0	0	0.0	0	0	0	0.0	ConditionsFirst	93	501	0	501	0	0	0	0
C47	251	6	0	0	54	69	61.166666666666664	0	0	0.0	0	0	0.0	0	0	0	0.0	ConditionsFirst	89	501	0	501	0	0	0	0
C48	251	6	0	0	56	66	61.333333333333336	0	0	0.0	0	0	0.0	0	0	0	0.0	ConditionsFirst	96	501	0	501	0	0	0	0
C49	251	6	0	0	51	80	63.166666666666664	0	0	0.0	0	0	0.0	0	0	0	0.0	ConditionsFirst	90	501	0	501	0	0	0	0
C50	251	6	0	0	50	77	61.666666666666664	0	0	0.0	0	0	0.0	0	0	0	0.0	ConditionsFirst	88	501	0	501	0	0	0	0
C51	301	6	0	0	51	84	73.33333333333333	0	0	0.0	0	0	0.0	0	0	0	0.0	ConditionsFirst	30	301	0	301	0	0	0	0
C52	301	6	0	0	67	85	76.0	0	0	0.0	0	0	0.0	0	0	0	0.0	ConditionsFirst	28	301	0	301	0	0	0	0
C53	301	6	0	0	67	84	74.16666666666667	0	0	0.0	0	0	0.0	0	0	0	0.0	ConditionsFirst	27	301	0	301	0	0	0	0
C54	301	6	0	0	63	91	76.83333333333333	0	0	0.0	0	0	0.0	0	0	0	0.0	ConditionsFirst	26	301	0	301	0	0	0	0
C55	301	6	0	0	63	84	74.33333333333333	0	0	0.0	0	0	0.0	0	0	0	0.0	ConditionsFirst	28	301	0	301	0	0	0	0
C56	301	6	0	0	66	82	74.66666666666667	0	0	0.0	0	0	0.0	0	0	0	0.0	ConditionsFirst	27	301	0	301	0	0	0	0
C57	301	6	0	0	61	85	75.16666666666667	0	0	0.0	0	0	0.0	0	0	0	0.0	ConditionsFirst	26	301	0	301	0	0	0	0
C58	301	6	0	0	68	77	73.0	0	0	0.0	0	0	0.0	0	0	0	0.0	ConditionsFirst	28	301	0	301	0	0	0	0
C59	301	6	0	0	67	94	75.0	0	0	0.0	0	0	0.0	0	0	0	0.0	ConditionsFirst	26	301	0	301	0	0	0	0
C60	301	6	0	0	68	79	73.83333333333333	0	0	0.0	0	0	0.0	0	0	0	0.0	ConditionsFirst	29	301	0	301	0	0	0	0
C61	501	35	0	0	10	36	21.62857142857143	0	0	0.0	0	0	0.0	0	0	0	0.0	ConditionsFirst	103	501	0	501	0	0	0	0
C62	501	35	0	0	14	29	21.37142857142857	0	0	0.0	0	0	0.0	0	0	0	0.0	ConditionsFirst	86	501	0	501	0	0	0	0
C63	501	35	0	0	12	31	21.8	0	0	0.0	0	0	0.0	0	0	0	0.0	ConditionsFirst	89	501	0	501	0	0	0	0
C64	501	35	0	0	10	32	20.914285714285715	0	0	0.0	0	0	0.0	0	0	0	0.0	ConditionsFirst	95	501	0	501	0	0	0	0
C65	501	35	0	0	13	29	21.457142857142856	0	0	0.0	0	0	0.0	0	0	0	0.0	ConditionsFirst	86	501	0	501	0	0	0	0
C66	501	35	0	0	14	32	21.37142857142857	0	0	0.0	0	0	0.0	0	0	0	0.0	ConditionsFirst	89	501	0	501	0	0	0	0
C67	501	35	0	0	15	30	21.457142857142856	0	0	0.0	0	0	0.0	0	0	0	0.0	ConditionsFirst	86	501	0	501	0	0	0	0
C68	501	35	0	0	11	30	21.65714285714286	0	0	0.0	0	0	0.0	0	0	0	0.0	ConditionsFirst	89	501	0	501	0	0	0	0
C69	501	35	0	0	7	30	21.17142857142857	0	0	0.0	0	0	0.0	0	0	0	0.0	ConditionsFirst	89	501	0	501	0	0	0	0
C70	501	35	0	0	11	29	21.514285714285716	0	0	0.0	0	0	0.0	0	0	0	0.0	ConditionsFirst	85	501	0	501	0	0	0	0
C71	501	40	0	0	10	28	18.625	0	0	0.0	0	0	0.0	0	0	0	0.0	ConditionsFirst	87	501	0	501	0	0	0	0
C72	501	40	0	0	10	32	18.9	0	0	0.0	0	0	0.0	0	0	0	0.0	ConditionsFirst	89	501	0	501	0	0	0	0
C73	501	40	0	0	8	30	18.975	0	0	0.0	0	0	0.0	0	0	0	0.0	ConditionsFirst	88	501	0	501	0	0	0	0
C74	501	40	0	0	11	29	18.6	0	0	0.0	0	0	0.0	0	0	0	0.0	ConditionsFirst	87	501	0	501	0	0	0	0
C75	501	40	0	0	11	29	18.95	0	0	0.0	0	0	0.0	0	0	0	0.0	ConditionsFirst	88	501	0	501	0	0	0	0
C76	501	40	0	0	11	28	18.575	0	0	0.0	0	0	0.0	0	0	0	0.0	ConditionsFirst	91	501	0	501	0	0	0	0
C77	501	40	0	0	10	29	18.575	0	0	0.0	0	0	0.0	0	0	0	0.0	ConditionsFirst	90	501	0	501	0	0	0	0
C78	501	40	0	0	10	27	18.75	0	0	0.0	0	0	0.0	0	0	0	0.0	ConditionsFirst	87	501	0	501	0	0	0	0
C79	501	40	0	0	12	29	18.75	0	0	0.0	0	0	0.0	0	0	0	0.0	ConditionsFirst	88	501	0	501	0	0	0	0
C80	501	40	0	0	10	34	18.625	0	0	0.0	0	0	0.0	0	0	0	0.0	ConditionsFirst	89	501	0	501	0	0	0	0
C81	451	6	0	0	103	134	113.16666666666667	0	0	0.0	0	0	0.0	0	0	0	0.0	ConditionsFirst	93	501	0	501	0	0	0	0
C82	451	6	0	0	99	120	113.16666666666667	0	0	0.0	0	0	0.0	0	0	0	0.0	ConditionsFirst	92	501	0	501	0	0	0	0
C83	451	6	0	0	99	127	114.16666666666667	0	0	0.0	0	0	0.0	0	0	0	0.0	ConditionsFirst	88	501	0	501	0	0	0	0
C84	451	6	0	0	99	119	110.5	0	0	0.0	0	0	0.0	0	0	0	0.0	ConditionsFirst	89	501	0	501	0	0	0	0
C85	451	6	0	0	99	125	112.83333333333333	0	0	0.0	0	0	0.0	0	0	0	0.0	ConditionsFirst	93	501	0	501	0	0	0	0
C86	451	6	0	0	99	131	113.0	0	0	0.0	0	0	0.0	0	0	0	0.0	ConditionsFirst	98	501	0	501	0	0	0	0
C87	451	6	0	0	101	123	110.5	0	0	0.0	0	0	0.0	0	0	0	0.0	ConditionsFirst	89	501	0	501	0	0	0	0
C88	451	6	0	0	101	127	114.0	0	0	0.0	0	0	0.0	0	0	0	0.0	ConditionsFirst	89	501	0	501	0	0	0	0
C89	451	6	0	0	94	121	112.0	0	0	0.0	0	0	0.0	0	0	0	0.0	ConditionsFirst	88	501	0	501	0	0	0	0
C90	451	6	0	0	104	133	114.66666666666667	0	0	0.0	0	0	0.0	0	0	0	0.0	ConditionsFirst	92	501	0	501	0	0	0	0
C91	501	6	0	0	117	139	124.5	0	0	0.0	0	0	0.0	0	0	0	0.0	ConditionsFirst	85	501	0	501	0	0	0	0
C92	501	6	0	0	116	135	126.0	0	0	0.0	0	0	0.0	0	0	0	0.0	ConditionsFirst	82	501	0	501	0	0	0	0
C93	501	6	0	0	107	135	126.16666666666667	0	0	0.0	0	0	0.0	0	0	0	0.0	ConditionsFirst	84	501	0	501	0	0	0	0
C94	501	6	0	0	114	133	123.5	0	0	0.0	0	0	0.0	0	0	0	0.0	ConditionsFirst	83	501	0	501	0	0	0	0
C95	501	6	0	0	98	138	123.0	0	0	0.0	0	0	0.0	0	0	0	0.0	ConditionsFirst	84	501	0	501	0	0	0	0
C96	501	6	0	0	117	133	126.16666666666667	0	0	0.0	0	0	0.0	0	0	0	0.0	ConditionsFirst	82	501	0	501	0	0	0	0
C97	501	6	0	0	110	139	124.16666666666667	0	0	0.0	0	0	0.0	0	0	0	0.0	ConditionsFirst	82	501	0	501	0	0	0	0
C98	501	6	0	0	106	132	123.0	0	0	0.0	0	0	0.0	0	0	0	0.0	ConditionsFirst	89	501	0	501	0	0	0	0
C99	501	6	0	0	115	144	126.5	0	0	0.0	0	0	0.0	0	0	0	0.0	ConditionsFirst	81	501	0	501	0	0	0	0
C100	501	6	0	0	114	140	126.5	0	0	0.0	0	0	0.0	0	0	0	0.0	ConditionsFirst	81	501	0	501	0	0	0	0
C101	551	6	0	0	126	160	136.83333333333334	0	0	0.0	0	0	0.0	0	0	0	0.0	ConditionsFirst	90	501	0	501	0	0	0	0
C102	551	6	0	0	123	152	137.0	0	0	0.0	0	0	0.0	0	0	0	0.0	ConditionsFirst	94	501	0	501	0	0	0	0
C103	551	6	0	0	119	149	134.83333333333334	0	0	0.0	0	0	0.0	0	0	0	0.0	ConditionsFirst	91	501	0	501	0	0	0	0
C104	551	6	0	0	123	151	138.0	0	0	0.0	0	0	0.0	0	0	0	0.0	ConditionsFirst	91	501	0	501	0	0	0	0
C105	551	6	0	0	130	152	139.0	0	0	0.0	0	0	0.0	0	0	0	0.0	ConditionsFirst	92	501	0	501	0	0	0	0
C106	551	6	0	0	120	154	135.0	0	0	0.0	0	0	0.0	0	0	0	0.0	ConditionsFirst	92	501	0	501	0	0	0	0
C107	551	6	0	0	127	149	140.0	0	0	0.0	0	0	0.0	0	0	0	0.0	ConditionsFirst	91	501	0	501	0	0	0	0
C108	551	6	0	0	134	150	140.16666666666666	0	0	0.0	0	0	0.0	0	0	0	0.0	ConditionsFirst	94	501	0	501	0	0	0	0
C109	551	6	0	0	128	150	137.83333333333334	0	0	0.0	0	0	0.0	0	0	0	0.0	ConditionsFirst	94	501	0	501	0	0	0	0
C110	551	6	0	0	123	153	139.33333333333334	0	0	0.0	0	0	0.0	0	0	0	0.0	ConditionsFirst	95	501	0	501	0	0	0	0
C111	501	60	0	0	5	21	12.433333333333334	0	0	0.0	0	0	0.0	0	0	0	0.0	ConditionsFirst	120	601	0	601	0	0	0	0
C112	501	60	0	0	5	22	12.666666666666666	0	0	0.0	0	0	0.0	0	0	0	0.0	ConditionsFirst	123	601	0	601	0	0	0	0
C113	501	60	0	0	5	23	12.45	0	0	0.0	0	0	0.0	0	0	0	0.0	ConditionsFirst	122	601	0	601	0	0	0	0
C114	501	60	0	0	6	20	12.233333333333333	0	0	0.0	0	0	0.0	0	0	0	0.0	ConditionsFirst	121	601	0	601	0	0	0	0
C115	501	60	0	0	7	19	12.233333333333333	0	0	0.0	0	0	0.0	0	0	0	0.0	ConditionsFirst	123	601	0	601	0	0	0	0
C116	501	60	0	0	6	25	12.683333333333334	0	0	0.0	0	0	0.0	0	0	0	0.0	ConditionsFirst	122	601	0	601	0	0	0	0
C117	501	60	0	0	3	22	12.416666666666666	0	0	0.0	0	0	0.0	0	0	0	0.0	ConditionsFirst	119	601	0	601	0	0	0	0
C118	501	60	0	0	5	19	12.316666666666666	0	0	0.0	0	0	0.0	0	0	0	0.0	ConditionsFirst	120	601	0	601	0	0	0	0
C119	501	60	0	0	5	20	12.6	0	0	0.0	0	0	0.0	0	0	0	0.0	ConditionsFirst	122	601	0	601	0	0	0	0
C120	501	60	0	0	6	22	12.833333333333334	0	0	0.0	0	0	0.0	0	0	0	0.0	ConditionsFirst	124	601	0	601	0	0	0	0
C121	651	6	0	0	152	186	163.16666666666666	0	0	0.0	0	0	0.0	0	0	0	0.0	ConditionsFirst	92	501	0	501	0	0	0	0
C122	651	6	0	0	152	178	163.5	0	0	0.0	0	0	0.0	0	0	0	0.0	ConditionsFirst	95	501	0	501	0	0	0	0
C123	651	6	0	0	143	176	159.16666666666666	0	0	0.0	0	0	0.0	0	0	0	0.0	ConditionsFirst	100	501	0	501	0	0	0	0
C124	651	6	0	0	132	180	161.0	0	0	0.0	0	0	0.0	0	0	0	0.0	ConditionsFirst	99	501	0	501	0	0	0	0
C125	206	5	5	0	52	74	58.2	5	5	5.0	0	0	0.0	0	3	15	9.48	ConditionsFirst	93	501	0	501	0	0	0	0
C126	651	6	0	0	157	172	164.16666666666666	0	0	0.0	0	0	0.0	0	0	0	0.0	ConditionsFirst	97	501	0	501	0	0	0	0
C127	651	6	0	0	153	186	166.0	0	0	0.0	0	0	0.0	0	0	0	0.0	ConditionsFirst	98	501	0	501	0	0	0	0
C128	651	6	0	0	150	177	163.66666666666666	0	0	0.0	0	0	0.0	0	0	0	0.0	ConditionsFirst	96	501	0	501	0	0	0	0
C129	651	6	0	0	154	174	162.66666666666666	0	0	0.0	0	0	0.0	0	0	0	0.0	ConditionsFirst	94	501	0	501	0	0	0	0
C130	651	6	0	0	141	180	161.16666666666666	0	0	0.0	0	0	0.0	0	0	0	0.0	ConditionsFirst	91	501	0	501	0	0	0	0
C131	501	70	0	0	6	19	10.614285714285714	0	0	0.0	0	0	0.0	0	0	0	0.0	ConditionsFirst	175	701	0	701	0	0	0	0
C132	206	5	5	0	51	72	60.6	5	5	5.0	0	0	0.0	0	4	17	10.36	ConditionsFirst	22	205	0	206	1	83	83	83.0
C133	501	70	0	0	5	19	10.785714285714286	0	0	0.0	0	0	0.0	0	0	0	0.0	ConditionsFirst	168	701	0	701	0	0	0	0
C134	501	70	0	0	1	17	10.5	0	0	0.0	0	0	0.0	0	0	0	0.0	ConditionsFirst	164	701	0	701	0	0	0	0
C135	501	70	0	0	6	18	10.771428571428572	0	0	0.0	0	0	0.0	0	0	0	0.0	ConditionsFirst	169	701	0	701	0	0	0	0
C136	501	70	0	0	5	17	10.5	0	0	0.0	0	0	0.0	0	0	0	0.0	ConditionsFirst	164	701	0	701	0	0	0	0
C137	501	70	0	0	4	17	10.6	0	0	0.0	0	0	0.0	0	0	0	0.0	ConditionsFirst	169	701	0	701	0	0	0	0
C138	501	70	0	0	6	18	10.642857142857142	0	0	0.0	0	0	0.0	0	0	0	0.0	ConditionsFirst	170	701	0	701	0	0	0	0
C139	501	70	0	0	2	18	10.842857142857143	0	0	0.0	0	0	0.0	0	0	0	0.0	ConditionsFirst	171	701	0	701	0	0	0	0
C140	501	70	0	0	3	17	10.685714285714285	0	0	0.0	0	0	0.0	0	0	0	0.0	ConditionsFirst	173	701	0	701	0	0	0	0
C141	751	6	0	0	178	212	188.0	0	0	0.0	0	0	0.0	0	0	0	0.0	ConditionsFirst	98	501	0	501	0	0	0	0
C142	751	6	0	0	163	200	189.5	0	0	0.0	0	0	0.0	0	0	0	0.0	ConditionsFirst	97	501	0	501	0	0	0	0
C143	751	6	0	0	171	204	187.16666666666666	0	0	0.0	0	0	0.0	0	0	0	0.0	ConditionsFirst	99	501	0	501	0	0	0	0
C144	751	6	0	0	176	204	187.33333333333334	0	0	0.0	0	0	0.0	0	0	0	0.0	ConditionsFirst	98	501	0	501	0	0	0	0
C145	751	6	0	0	176	206	187.5	0	0	0.0	0	0	0.0	0	0	0	0.0	ConditionsFirst	107	501	0	501	0	0	0	0
C146	751	6	0	0	177	199	190.0	0	0	0.0	0	0	0.0	0	0	0	0.0	ConditionsFirst	102	501	0	501	0	0	0	0
C147	751	6	0	0	172	200	189.16666666666666	0	0	0.0	0	0	0.0	0	0	0	0.0	ConditionsFirst	103	501	0	501	0	0	0	0
C148	751	6	0	0	183	199	189.16666666666666	0	0	0.0	0	0	0.0	0	0	0	0.0	ConditionsFirst	100	501	0	501	0	0	0	0
C149	751	6	0	0	167	208	188.5	0	0	0.0	0	0	0.0	0	0	0	0.0	ConditionsFirst	101	501	0	501	0	0	0	0
C150	751	6	0	0	180	208	188.83333333333334	0	0	0.0	0	0	0.0	0	0	0	0.0	ConditionsFirst	100	501	0	501	0	0	0	0
C151	501	80	0	0	2	18	9.3125	0	0	0.0	0	0	0.0	0	0	0	0.0	ConditionsFirst	219	801	0	801	0	0	0	0
C152	501	80	0	0	3	18	9.525	0	0	0.0	0	0	0.0	0	0	0	0.0	ConditionsFirst	249	801	0	801	0	0	0	0
C153	501	80	0	0	3	16	9.2375	0	0	0.0	0	0	0.0	0	0	0	0.0	ConditionsFirst	221	801	0	801	0	0	0	0
C154	501	80	0	0	3	18	9.35	0	0	0.0	0	0	0.0	0	0	0	0.0	ConditionsFirst	231	801	0	801	0	0	0	0
C155	501	80	0	0	3	18	9.4625	0	0	0.0	0	0	0.0	0	0	0	0.0	ConditionsFirst	228	801	0	801	0	0	0	0
C156	501	80	0	0	4	19	9.575	0	0	0.0	0	0	0.0	0	0	0	0.0	ConditionsFirst	227	801	0	801	0	0	0	0
C157	501	80	0	0	3	16	9.45	0	0	0.0	0	0	0.0	0	0	0	0.0	ConditionsFirst	227	801	0	801	0	0	0	0
C158	501	80	0	0	3	16	9.575	0	0	0.0	0	0	0.0	0	0	0	0.0	ConditionsFirst	223	801	0	801	0	0	0	0
C159	501	80	0	0	4	18	9.5375	0	0	0.0	0	0	0.0	0	0	0	0.0	ConditionsFirst	222	801	0	801	0	0	0	0
C160	501	80	0	0	4	18	9.3	0	0	0.0	0	0	0.0	0	0	0	0.0	ConditionsFirst	230	801	0	801	0	0	0	0
C161	851	6	0	0	204	238	211.83333333333334	0	0	0.0	0	0	0.0	0	0	0	0.0	ConditionsFirst	257	851	0	851	0	0	0	0
C162	851	6	0	0	180	235	211.66666666666666	0	0	0.0	0	0	0.0	0	0	0	0.0	ConditionsFirst	253	851	0	851	0	0	0	0
C163	851	6	0	0	180	229	210.16666666666666	0	0	0.0	0	0	0.0	0	0	0	0.0	ConditionsFirst	258	851	0	851	0	0	0	0
C164	851	6	0	0	190	235	209.33333333333334	0	0	0.0	0	0	0.0	0	0	0	0.0	ConditionsFirst	257	851	0	851	0	0	0	0
C165	851	6	0	0	209	225	214.5	0	0	0.0	0	0	0.0	0	0	0	0.0	ConditionsFirst	251	851	0	851	0	0	0	0
C166	851	6	0	0	197	223	214.0	0	0	0.0	0	0	0.0	0	0	0	0.0	ConditionsFirst	253	851	0	851	0	0	0	0
C167	851	6	0	0	202	235	214.5	0	0	0.0	0	0	0.0	0	0	0	0.0	ConditionsFirst	254	851	0	851	0	0	0	0
C168	851	6	0	0	197	229	213.66666666666666	0	0	0.0	0	0	0.0	0	0	0	0.0	ConditionsFirst	251	851	0	851	0	0	0	0
C169	851	6	0	0	200	229	211.0	0	0	0.0	0	0	0.0	0	0	0	0.0	ConditionsFirst	258	851	0	851	0	0	0	0
C170	851	6	0	0	174	231	207.16666666666666	0	0	0.0	0	0	0.0	0	0	0	0.0	ConditionsFirst	257	851	0	851	0	0	0	0
C171	501	90	0	0	2	19	8.433333333333334	0	0	0.0	0	0	0.0	0	0	0	0.0	ConditionsFirst	103	501	0	501	0	0	0	0
C172	501	90	0	0	2	15	8.21111111111111	0	0	0.0	0	0	0.0	0	0	0	0.0	ConditionsFirst	102	501	0	501	0	0	0	0
C173	501	90	0	0	2	19	8.311111111111112	0	0	0.0	0	0	0.0	0	0	0	0.0	ConditionsFirst	104	501	0	501	0	0	0	0
C174	501	90	0	0	1	19	8.11111111111111	0	0	0.0	0	0	0.0	0	0	0	0.0	ConditionsFirst	108	501	0	501	0	0	0	0
C175	501	90	0	0	1	18	8.166666666666666	0	0	0.0	0	0	0.0	0	0	0	0.0	ConditionsFirst	104	501	0	501	0	0	0	0
C176	501	90	0	0	3	17	8.322222222222223	0	0	0.0	0	0	0.0	0	0	0	0.0	ConditionsFirst	102	501	0	501	0	0	0	0
C177	501	90	0	0	3	15	8.366666666666667	0	0	0.0	0	0	0.0	0	0	0	0.0	ConditionsFirst	104	501	0	501	0	0	0	0
C178	501	90	0	0	3	15	8.433333333333334	0	0	0.0	0	0	0.0	0	0	0	0.0	ConditionsFirst	100	501	0	501	0	0	0	0
C179	501	90	0	0	2	20	8.466666666666667	0	0	0.0	0	0	0.0	0	0	0	0.0	ConditionsFirst	102	501	0	501	0	0	0	0
C180	501	90	0	0	2	18	8.222222222222221	0	0	0.0	0	0	0.0	0	0	0	0.0	ConditionsFirst	106	501	0	501	0	0	0	0
C181	501	95	0	0	3	15	7.88421052631579	0	0	0.0	0	0	0.0	0	0	0	0.0	ConditionsFirst	103	501	0	501	0	0	0	0
C182	501	95	0	0	1	17	7.905263157894737	0	0	0.0	0	0	0.0	0	0	0	0.0	ConditionsFirst	104	501	0	501	0	0	0	0
C183	501	95	0	0	2	15	8.16842105263158	0	0	0.0	0	0	0.0	0	0	0	0.0	ConditionsFirst	118	501	0	501	0	0	0	0
C184	501	95	0	0	2	15	7.726315789473684	0	0	0.0	0	0	0.0	0	0	0	0.0	ConditionsFirst	104	501	0	501	0	0	0	0
C185	501	95	0	0	2	16	7.989473684210527	0	0	0.0	0	0	0.0	0	0	0	0.0	ConditionsFirst	102	501	0	501	0	0	0	0
C186	501	95	0	0	1	16	7.7894736842105265	0	0	0.0	0	0	0.0	0	0	0	0.0	ConditionsFirst	106	501	0	501	0	0	0	0
C187	501	95	0	0	1	17	7.978947368421053	0	0	0.0	0	0	0.0	0	0	0	0.0	ConditionsFirst	103	501	0	501	0	0	0	0
C188	501	95	0	0	3	14	7.873684210526315	0	0	0.0	0	0	0.0	0	0	0	0.0	ConditionsFirst	107	501	0	501	0	0	0	0
C189	501	95	0	0	2	18	8.031578947368422	0	0	0.0	0	0	0.0	0	0	0	0.0	ConditionsFirst	100	501	0	501	0	0	0	0
C190	501	95	0	0	3	15	8.157894736842104	0	0	0.0	0	0	0.0	0	0	0	0.0	ConditionsFirst	100	501	0	501	0	0	0	0
C191	1001	6	0	0	241	279	251.16666666666666	0	0	0.0	0	0	0.0	0	0	0	0.0	ConditionsFirst	109	501	0	501	0	0	0	0
C192	1001	6	0	0	227	262	247.16666666666666	0	0	0.0	0	0	0.0	0	0	0	0.0	ConditionsFirst	106	501	0	501	0	0	0	0
C193	1001	6	0	0	227	272	249.33333333333334	0	0	0.0	0	0	0.0	0	0	0	0.0	ConditionsFirst	110	501	0	501	0	0	0	0
C194	1001	6	0	0	234	264	248.33333333333334	0	0	0.0	0	0	0.0	0	0	0	0.0	ConditionsFirst	110	501	0	501	0	0	0	0
C195	1001	6	0	0	236	281	253.83333333333334	0	0	0.0	0	0	0.0	0	0	0	0.0	ConditionsFirst	111	501	0	501	0	0	0	0
C196	1001	6	0	0	228	264	250.33333333333334	0	0	0.0	0	0	0.0	0	0	0	0.0	ConditionsFirst	108	501	0	501	0	0	0	0
C197	1001	6	0	0	230	279	251.66666666666666	0	0	0.0	0	0	0.0	0	0	0	0.0	ConditionsFirst	106	501	0	501	0	0	0	0
C198	1001	6	0	0	235	264	246.16666666666666	0	0	0.0	0	0	0.0	0	0	0	0.0	ConditionsFirst	108	501	0	501	0	0	0	0
C199	1001	6	0	0	228	272	249.33333333333334	0	0	0.0	0	0	0.0	0	0	0	0.0	ConditionsFirst	103	501	0	501	0	0	0	0
C200	1001	6	0	0	222	260	246.33333333333334	0	0	0.0	0	0	0.0	0	0	0	0.0	ConditionsFirst	115	501	0	501	0	0	0	0
C201	1051	6	0	0	251	294	264.3333333333333	0	0	0.0	0	0	0.0	0	0	0	0.0	ConditionsFirst	421	1051	0	1051	0	0	0	0
C202	1051	6	0	0	239	281	260.0	0	0	0.0	0	0	0.0	0	0	0	0.0	ConditionsFirst	462	1051	0	1051	0	0	0	0
C203	1051	6	0	0	243	271	261.5	0	0	0.0	0	0	0.0	0	0	0	0.0	ConditionsFirst	434	1051	0	1051	0	0	0	0
C204	1051	6	0	0	256	278	265.0	0	0	0.0	0	0	0.0	0	0	0	0.0	ConditionsFirst	393	1051	0	1051	0	0	0	0
C205	1051	6	0	0	252	280	264.8333333333333	0	0	0.0	0	0	0.0	0	0	0	0.0	ConditionsFirst	398	1051	0	1051	0	0	0	0
C206	1051	6	0	0	254	270	261.5	0	0	0.0	0	0	0.0	0	0	0	0.0	ConditionsFirst	401	1051	0	1051	0	0	0	0
C207	1051	6	0	0	249	292	261.3333333333333	0	0	0.0	0	0	0.0	0	0	0	0.0	ConditionsFirst	404	1051	0	1051	0	0	0	0
C208	1051	6	0	0	227	279	256.1666666666667	0	0	0.0	0	0	0.0	0	0	0	0.0	ConditionsFirst	402	1051	0	1051	0	0	0	0
C209	1051	6	0	0	257	265	261.3333333333333	0	0	0.0	0	0	0.0	0	0	0	0.0	ConditionsFirst	22	210	0	211	1	141	141	141.0
C210	1051	6	0	0	217	279	259.3333333333333	0	0	0.0	0	0	0.0	0	0	0	0.0	ConditionsFirst	410	1051	0	1051	0	0	0	0
C211	1101	6	0	0	260	310	276.1666666666667	0	0	0.0	0	0	0.0	0	0	0	0.0	ConditionsFirst	440	1101	0	1101	0	0	0	0
C212	1101	6	0	0	255	299	273.5	0	0	0.0	0	0	0.0	0	0	0	0.0	ConditionsFirst	450	1101	0	1101	0	0	0	0
C213	1101	6	0	0	246	292	272.8333333333333	0	0	0.0	0	0	0.0	0	0	0	0.0	ConditionsFirst	436	1101	0	1101	0	0	0	0
C214	206	5	5	0	54	63	58.4	5	5	5.0	0	0	0.0	0	3	15	9.6	ConditionsFirst	22	207	0	208	1	142	142	142.0
C215	1101	6	0	0	258	292	277.1666666666667	0	0	0.0	0	0	0.0	0	0	0	0.0	ConditionsFirst	461	1101	0	1101	0	0	0	0
C216	1101	6	0	0	257	291	275.3333333333333	0	0	0.0	0	0	0.0	0	0	0	0.0	ConditionsFirst	432	1101	0	1101	0	0	0	0
C217	1101	6	0	0	258	291	273.6666666666667	0	0	0.0	0	0	0.0	0	0	0	0.0	ConditionsFirst	439	1101	0	1101	0	0	0	0
C218	1101	6	0	0	234	304	271.5	0	0	0.0	0	0	0.0	0	0	0	0.0	ConditionsFirst	435	1101	0	1101	0	0	0	0
C219	1101	6	0	0	239	290	269.5	0	0	0.0	0	0	0.0	0	0	0	0.0	ConditionsFirst	442	1101	0	1101	0	0	0	0
C220	1101	6	0	0	263	287	273.8333333333333	0	0	0.0	0	0	0.0	0	0	0	0.0	ConditionsFirst	437	1101	0	1101	0	0	0	0
C221	1151	6	0	0	271	319	289.8333333333333	0	0	0.0	0	0	0.0	0	0	0	0.0	ConditionsFirst	477	1151	0	1151	0	0	0	0
C222	1151	6	0	0	254	316	284.8333333333333	0	0	0.0	0	0	0.0	0	0	0	0.0	ConditionsFirst	497	1151	0	1151	0	0	0	0
C223	1151	6	0	0	263	309	286.0	0	0	0.0	0	0	0.0	0	0	0	0.0	ConditionsFirst	476	1151	0	1151	0	0	0	0
C224	1151	6	0	0	277	298	289.1666666666667	0	0	0.0	0	0	0.0	0	0	0	0.0	ConditionsFirst	463	1151	0	1151	0	0	0	0
C225	1151	6	0	0	275	295	288.5	0	0	0.0	0	0	0.0	0	0	0	0.0	ConditionsFirst	473	1151	0	1151	0	0	0	0
C226	1151	6	0	0	257	313	288.0	0	0	0.0	0	0	0.0	0	0	0	0.0	ConditionsFirst	468	1151	0	1151	0	0	0	0
C227	1151	6	0	0	267	307	284.0	0	0	0.0	0	0	0.0	0	0	0	0.0	ConditionsFirst	481	1151	0	1151	0	0	0	0
C228	1151	6	0	0	274	307	288.5	0	0	0.0	0	0	0.0	0	0	0	0.0	ConditionsFirst	469	1151	0	1151	0	0	0	0
C229	1151	6	0	0	252	298	285.3333333333333	0	0	0.0	0	0	0.0	0	0	0	0.0	ConditionsFirst	477	1151	0	1151	0	0	0	0
C230	1151	6	0	0	277	296	286.8333333333333	0	0	0.0	0	0	0.0	0	0	0	0.0	ConditionsFirst	480	1151	0	1151	0	0	0	0
C241	1251	6	0	0	299	344	316.1666666666667	0	0	0.0	0	0	0.0	0	0	0	0.0	ConditionsFirst	554	1251	0	1251	0	0	0	0
C242	1251	6	0	0	287	330	308.6666666666667	0	0	0.0	0	0	0.0	0	0	0	0.0	ConditionsFirst	570	1251	0	1251	0	0	0	0
C243	1251	6	0	0	296	342	310.6666666666667	0	0	0.0	0	0	0.0	0	0	0	0.0	ConditionsFirst	566	1251	0	1251	0	0	0	0
C244	1251	6	0	0	301	338	317.0	0	0	0.0	0	0	0.0	0	0	0	0.0	ConditionsFirst	557	1251	0	1251	0	0	0	0
C245	1251	6	0	0	298	327	311.0	0	0	0.0	0	0	0.0	0	0	0	0.0	ConditionsFirst	584	1251	0	1251	0	0	0	0
C246	1251	6	0	0	306	335	314.0	0	0	0.0	0	0	0.0	0	0	0	0.0	ConditionsFirst	558	1251	0	1251	0	0	0	0
C247	1251	6	0	0	269	336	308.6666666666667	0	0	0.0	0	0	0.0	0	0	0	0.0	ConditionsFirst	566	1251	0	1251	0	0	0	0
C248	1251	6	0	0	279	321	309.5	0	0	0.0	0	0	0.0	0	0	0	0.0	ConditionsFirst	618	1251	0	1251	0	0	0	0
C249	1251	6	0	0	294	320	309.3333333333333	0	0	0.0	0	0	0.0	0	0	0	0.0	ConditionsFirst	578	1251	0	1251	0	0	0	0
C250	1251	6	0	0	304	322	313.8333333333333	0	0	0.0	0	0	0.0	0	0	0	0.0	ConditionsFirst	564	1251	0	1251	0	0	0	0
C251	1301	6	0	0	309	355	327.0	0	0	0.0	0	0	0.0	0	0	0	0.0	ConditionsFirst	605	1301	0	1301	0	0	0	0
C252	1301	6	0	0	296	351	320.8333333333333	0	0	0.0	0	0	0.0	0	0	0	0.0	ConditionsFirst	611	1301	0	1301	0	0	0	0
C253	1301	6	0	0	308	352	323.3333333333333	0	0	0.0	0	0	0.0	0	0	0	0.0	ConditionsFirst	602	1301	0	1301	0	0	0	0
C254	1301	6	0	0	311	356	329.0	0	0	0.0	0	0	0.0	0	0	0	0.0	ConditionsFirst	606	1301	0	1301	0	0	0	0
C255	1301	6	0	0	312	338	324.5	0	0	0.0	0	0	0.0	0	0	0	0.0	ConditionsFirst	603	1301	0	1301	0	0	0	0
C256	1301	6	0	0	307	343	322.8333333333333	0	0	0.0	0	0	0.0	0	0	0	0.0	ConditionsFirst	617	1301	0	1301	0	0	0	0
C257	1301	6	0	0	310	341	323.3333333333333	0	0	0.0	0	0	0.0	0	0	0	0.0	ConditionsFirst	607	1301	0	1301	0	0	0	0
C258	1301	6	0	0	282	342	321.5	0	0	0.0	0	0	0.0	0	0	0	0.0	ConditionsFirst	612	1301	0	1301	0	0	0	0
C259	1301	6	0	0	315	332	325.0	0	0	0.0	0	0	0.0	0	0	0	0.0	ConditionsFirst	640	1301	0	1301	0	0	0	0
C260	1301	6	0	0	299	342	321.6666666666667	0	0	0.0	0	0	0.0	0	0	0	0.0	ConditionsFirst	611	1301	0	1301	0	0	0	0
C261	1351	6	0	0	318	366	339.3333333333333	0	0	0.0	0	0	0.0	0	0	0	0.0	ConditionsFirst	712	1351	0	1351	0	0	0	0
C262	1351	6	0	0	302	369	336.1666666666667	0	0	0.0	0	0	0.0	0	0	0	0.0	ConditionsFirst	721	1351	0	1351	0	0	0	0
C263	1351	6	0	0	318	358	335.3333333333333	0	0	0.0	0	0	0.0	0	0	0	0.0	ConditionsFirst	669	1351	0	1351	0	0	0	0
C264	1351	6	0	0	325	353	340.3333333333333	0	0	0.0	0	0	0.0	0	0	0	0.0	ConditionsFirst	707	1351	0	1351	0	0	0	0
C265	1351	6	0	0	310	367	339.6666666666667	0	0	0.0	0	0	0.0	0	0	0	0.0	ConditionsFirst	657	1351	0	1351	0	0	0	0
C266	1351	6	0	0	310	365	333.6666666666667	0	0	0.0	0	0	0.0	0	0	0	0.0	ConditionsFirst	673	1351	0	1351	0	0	0	0
C267	1351	6	0	0	315	347	335.1666666666667	0	0	0.0	0	0	0.0	0	0	0	0.0	ConditionsFirst	677	1351	0	1351	0	0	0	0
C268	1351	6	0	0	315	353	332.3333333333333	0	0	0.0	0	0	0.0	0	0	0	0.0	ConditionsFirst	677	1351	0	1351	0	0	0	0
C269	1351	6	0	0	326	342	336.5	0	0	0.0	0	0	0.0	0	0	0	0.0	ConditionsFirst	739	1351	0	1351	0	0	0	0
C270	1351	6	0	0	315	349	333.0	0	0	0.0	0	0	0.0	0	0	0	0.0	ConditionsFirst	665	1351	0	1351	0	0	0	0
C271	1401	6	0	0	332	383	353.5	0	0	0.0	0	0	0.0	0	0	0	0.0	ConditionsFirst	737	1401	0	1401	0	0	0	0
C272	1401	6	0	0	325	378	350.6666666666667	0	0	0.0	0	0	0.0	0	0	0	0.0	ConditionsFirst	706	1401	0	1401	0	0	0	0
C273	1401	6	0	0	332	373	350.5	0	0	0.0	0	0	0.0	0	0	0	0.0	ConditionsFirst	699	1401	0	1401	0	0	0	0
C274	1401	6	0	0	337	365	351.6666666666667	0	0	0.0	0	0	0.0	0	0	0	0.0	ConditionsFirst	705	1401	0	1401	0	0	0	0
C275	1401	6	0	0	327	380	351.0	0	0	0.0	0	0	0.0	0	0	0	0.0	ConditionsFirst	736	1401	0	1401	0	0	0	0
C276	1401	6	0	0	314	367	343.5	0	0	0.0	0	0	0.0	0	0	0	0.0	ConditionsFirst	739	1401	0	1401	0	0	0	0
C277	1401	6	0	0	328	357	348.0	0	0	0.0	0	0	0.0	0	0	0	0.0	ConditionsFirst	724	1401	0	1401	0	0	0	0
C278	1401	6	0	0	330	363	348.3333333333333	0	0	0.0	0	0	0.0	0	0	0	0.0	ConditionsFirst	714	1401	0	1401	0	0	0	0
C279	1401	6	0	0	336	366	349.1666666666667	0	0	0.0	0	0	0.0	0	0	0	0.0	ConditionsFirst	716	1401	0	1401	0	0	0	0
C280	1401	6	0	0	325	357	345.5	0	0	0.0	0	0	0.0	0	0	0	0.0	ConditionsFirst	718	1401	0	1401	0	0	0	0
C291	1501	6	0	0	347	408	377.3333333333333	0	0	0.0	0	0	0.0	0	0	0	0.0	ConditionsFirst	823	1501	0	1501	0	0	0	0
C292	1501	6	0	0	342	399	374.0	0	0	0.0	0	0	0.0	0	0	0	0.0	ConditionsFirst	811	1501	0	1501	0	0	0	0
C293	1501	6	0	0	360	399	378.5	0	0	0.0	0	0	0.0	0	0	0	0.0	ConditionsFirst	803	1501	0	1501	0	0	0	0
C294	1501	6	0	0	366	391	376.8333333333333	0	0	0.0	0	0	0.0	0	0	0	0.0	ConditionsFirst	857	1501	0	1501	0	0	0	0
C295	1501	6	0	0	364	406	378.6666666666667	0	0	0.0	0	0	0.0	0	0	0	0.0	ConditionsFirst	811	1501	0	1501	0	0	0	0
C296	1501	6	0	0	332	408	371.5	0	0	0.0	0	0	0.0	0	0	0	0.0	ConditionsFirst	821	1501	0	1501	0	0	0	0
C297	1501	6	0	0	326	388	369.6666666666667	0	0	0.0	0	0	0.0	0	0	0	0.0	ConditionsFirst	826	1501	0	1501	0	0	0	0
C298	1501	6	0	0	370	386	376.0	0	0	0.0	0	0	0.0	0	0	0	0.0	ConditionsFirst	815	1501	0	1501	0	0	0	0
C299	1501	6	0	0	354	389	371.8333333333333	0	0	0.0	0	0	0.0	0	0	0	0.0	ConditionsFirst	860	1501	0	1501	0	0	0	0
C300	1501	6	0	0	333	419	373.8333333333333	0	0	0.0	0	0	0.0	0	0	0	0.0	ConditionsFirst	830	1501	0	1501	0	0	0	0
C301	1551	6	0	0	357	418	389.0	0	0	0.0	0	0	0.0	0	0	0	0.0	ConditionsFirst	875	1551	0	1551	0	0	0	0
C302	1551	6	0	0	359	409	385.8333333333333	0	0	0.0	0	0	0.0	0	0	0	0.0	ConditionsFirst	877	1551	0	1551	0	0	0	0
C303	1551	6	0	0	382	414	392.0	0	0	0.0	0	0	0.0	0	0	0	0.0	ConditionsFirst	858	1551	0	1551	0	0	0	0
C304	1551	6	0	0	380	400	387.1666666666667	0	0	0.0	0	0	0.0	0	0	0	0.0	ConditionsFirst	873	1551	0	1551	0	0	0	0
C305	1551	6	0	0	375	403	386.3333333333333	0	0	0.0	0	0	0.0	0	0	0	0.0	ConditionsFirst	881	1551	0	1551	0	0	0	0
C306	1551	6	0	0	367	402	385.8333333333333	0	0	0.0	0	0	0.0	0	0	0	0.0	ConditionsFirst	936	1551	0	1551	0	0	0	0
C307	1551	6	0	0	357	404	384.1666666666667	0	0	0.0	0	0	0.0	0	0	0	0.0	ConditionsFirst	880	1551	0	1551	0	0	0	0
C308	1551	6	0	0	374	404	386.8333333333333	0	0	0.0	0	0	0.0	0	0	0	0.0	ConditionsFirst	876	1551	0	1551	0	0	0	0
C309	1551	6	0	0	344	399	380.6666666666667	0	0	0.0	0	0	0.0	0	0	0	0.0	ConditionsFirst	898	1551	0	1551	0	0	0	0
C310	1551	6	0	0	371	407	386.3333333333333	0	0	0.0	0	0	0.0	0	0	0	0.0	ConditionsFirst	886	1551	0	1551	0	0	0	0
C311	1601	6	0	0	366	429	400.6666666666667	0	0	0.0	0	0	0.0	0	0	0	0.0	ConditionsFirst	1006	1601	0	1601	0	0	0	0
C312	1601	6	0	0	363	422	397.6666666666667	0	0	0.0	0	0	0.0	0	0	0	0.0	ConditionsFirst	960	1601	0	1601	0	0	0	0
C313	1601	6	0	0	389	424	404.6666666666667	0	0	0.0	0	0	0.0	0	0	0	0.0	ConditionsFirst	947	1601	0	1601	0	0	0	0
C314	1601	6	0	0	383	414	401.1666666666667	0	0	0.0	0	0	0.0	0	0	0	0.0	ConditionsFirst	939	1601	0	1601	0	0	0	0
C315	1601	6	0	0	371	421	396.6666666666667	0	0	0.0	0	0	0.0	0	0	0	0.0	ConditionsFirst	948	1601	0	1601	0	0	0	0
C316	1601	6	0	0	378	416	397.3333333333333	0	0	0.0	0	0	0.0	0	0	0	0.0	ConditionsFirst	990	1601	0	1601	0	0	0	0
C317	1601	6	0	0	380	412	399.1666666666667	0	0	0.0	0	0	0.0	0	0	0	0.0	ConditionsFirst	931	1601	0	1601	0	0	0	0
C318	1601	6	0	0	379	412	397.5	0	0	0.0	0	0	0.0	0	0	0	0.0	ConditionsFirst	944	1601	0	1601	0	0	0	0
C319	1601	6	0	0	372	411	396.1666666666667	0	0	0.0	0	0	0.0	0	0	0	0.0	ConditionsFirst	938	1601	0	1601	0	0	0	0
C320	1601	6	0	0	384	431	402.3333333333333	0	0	0.0	0	0	0.0	0	0	0	0.0	ConditionsFirst	940	1601	0	1601	0	0	0	0
C321	1651	6	0	0	378	439	412.1666666666667	0	0	0.0	0	0	0.0	0	0	0	0.0	ConditionsFirst	1008	1651	0	1651	0	0	0	0
C322	1651	6	0	0	373	444	411.0	0	0	0.0	0	0	0.0	0	0	0	0.0	ConditionsFirst	1006	1651	0	1651	0	0	0	0
C323	1651	6	0	0	391	432	415.0	0	0	0.0	0	0	0.0	0	0	0	0.0	ConditionsFirst	985	1651	0	1651	0	0	0	0
C324	1651	6	0	0	379	433	411.5	0	0	0.0	0	0	0.0	0	0	0	0.0	ConditionsFirst	1001	1651	0	1651	0	0	0	0
C325	1651	6	0	0	375	433	407.3333333333333	0	0	0.0	0	0	0.0	0	0	0	0.0	ConditionsFirst	1069	1651	0	1651	0	0	0	0
C326	1651	6	0	0	393	418	410.3333333333333	0	0	0.0	0	0	0.0	0	0	0	0.0	ConditionsFirst	1012	1651	0	1651	0	0	0	0
C327	1651	6	0	0	401	420	408.1666666666667	0	0	0.0	0	0	0.0	0	0	0	0.0	ConditionsFirst	1033	1651	0	1651	0	0	0	0
C328	1651	6	0	0	380	439	409.0	0	0	0.0	0	0	0.0	0	0	0	0.0	ConditionsFirst	999	1651	0	1651	0	0	0	0
C329	1651	6	0	0	378	449	406.8333333333333	0	0	0.0	0	0	0.0	0	0	0	0.0	ConditionsFirst	1004	1651	0	1651	0	0	0	0
C330	1651	6	0	0	386	441	413.3333333333333	0	0	0.0	0	0	0.0	0	0	0	0.0	ConditionsFirst	1052	1651	0	1651	0	0	0	0
C331	1701	6	0	0	396	450	426.3333333333333	0	0	0.0	0	0	0.0	0	0	0	0.0	ConditionsFirst	1078	1701	0	1701	0	0	0	0
C332	1701	6	0	0	379	456	422.8333333333333	0	0	0.0	0	0	0.0	0	0	0	0.0	ConditionsFirst	1073	1701	0	1701	0	0	0	0
C333	1701	6	0	0	410	443	429.3333333333333	0	0	0.0	0	0	0.0	0	0	0	0.0	ConditionsFirst	1049	1701	0	1701	0	0	0	0
C334	1701	6	0	0	404	449	426.5	0	0	0.0	0	0	0.0	0	0	0	0.0	ConditionsFirst	1061	1701	0	1701	0	0	0	0
C335	1701	6	0	0	390	436	418.0	0	0	0.0	0	0	0.0	0	0	0	0.0	ConditionsFirst	1112	1701	0	1701	0	0	0	0
C336	1701	6	0	0	391	447	422.8333333333333	0	0	0.0	0	0	0.0	0	0	0	0.0	ConditionsFirst	1064	1701	0	1701	0	0	0	0
C337	1701	6	0	0	414	434	425.6666666666667	0	0	0.0	0	0	0.0	0	0	0	0.0	ConditionsFirst	1059	1701	0	1701	0	0	0	0
C338	1701	6	0	0	409	431	421.5	0	0	0.0	0	0	0.0	0	0	0	0.0	ConditionsFirst	1069	1701	0	1701	0	0	0	0
C339	206	5	5	0	53	66	61.4	5	5	5.0	0	0	0.0	0	5	16	10.04	ConditionsFirst	20	201	0	202	1	124	124	124.0
C340	1701	6	0	0	366	476	423.1666666666667	0	0	0.0	0	0	0.0	0	0	0	0.0	ConditionsFirst	1134	1701	0	1701	0	0	0	0
C341	1751	6	0	0	403	457	437.8333333333333	0	0	0.0	0	0	0.0	0	0	0	0.0	ConditionsFirst	1174	1751	0	1751	0	0	0	0
C342	1751	6	0	0	394	468	436.5	0	0	0.0	0	0	0.0	0	0	0	0.0	ConditionsFirst	1123	1751	0	1751	0	0	0	0
C343	1751	6	0	0	415	458	441.0	0	0	0.0	0	0	0.0	0	0	0	0.0	ConditionsFirst	1105	1751	0	1751	0	0	0	0
C344	1751	6	0	0	406	471	438.0	0	0	0.0	0	0	0.0	0	0	0	0.0	ConditionsFirst	1134	1751	0	1751	0	0	0	0
C345	1751	6	0	0	401	457	433.0	0	0	0.0	0	0	0.0	0	0	0	0.0	ConditionsFirst	1146	1751	0	1751	0	0	0	0
C346	206	5	5	0	54	71	63.4	5	5	5.0	0	0	0.0	0	3	17	10.8	ConditionsFirst	18	201	0	201	0	0	0	0
C347	1751	6	0	0	422	461	439.0	0	0	0.0	0	0	0.0	0	0	0	0.0	ConditionsFirst	1190	1751	0	1751	0	0	0	0
C348	1751	6	0	0	410	441	430.0	0	0	0.0	0	0	0.0	0	0	0	0.0	ConditionsFirst	1136	1751	0	1751	0	0	0	0
C349	1751	6	0	0	425	456	437.8333333333333	0	0	0.0	0	0	0.0	0	0	0	0.0	ConditionsFirst	1100	1751	0	1751	0	0	0	0
C350	1751	6	0	0	419	487	439.3333333333333	0	0	0.0	0	0	0.0	0	0	0	0.0	ConditionsFirst	1112	1751	0	1751	0	0	0	0
C351	1801	6	0	0	417	475	450.6666666666667	0	0	0.0	0	0	0.0	0	0	0	0.0	ConditionsFirst	1189	1801	0	1801	0	0	0	0
C352	1801	6	0	0	401	475	449.1666666666667	0	0	0.0	0	0	0.0	0	0	0	0.0	ConditionsFirst	1255	1801	0	1801	0	0	0	0
C353	1801	6	0	0	435	470	453.6666666666667	0	0	0.0	0	0	0.0	0	0	0	0.0	ConditionsFirst	1179	1801	0	1801	0	0	0	0
C354	1801	6	0	0	429	483	451.5	0	0	0.0	0	0	0.0	0	0	0	0.0	ConditionsFirst	1206	1801	0	1801	0	0	0	0
C355	1801	6	0	0	411	482	444.0	0	0	0.0	0	0	0.0	0	0	0	0.0	ConditionsFirst	1194	1801	0	1801	0	0	0	0
C356	1801	6	0	0	414	464	443.1666666666667	0	0	0.0	0	0	0.0	0	0	0	0.0	ConditionsFirst	1222	1801	0	1801	0	0	0	0
C357	1801	6	0	0	435	470	448.6666666666667	0	0	0.0	0	0	0.0	0	0	0	0.0	ConditionsFirst	1198	1801	0	1801	0	0	0	0
C358	1801	6	0	0	417	469	446.3333333333333	0	0	0.0	0	0	0.0	0	0	0	0.0	ConditionsFirst	1196	1801	0	1801	0	0	0	0
C359	1801	6	0	0	422	487	451.3333333333333	0	0	0.0	0	0	0.0	0	0	0	0.0	ConditionsFirst	1227	1801	0	1801	0	0	0	0
C360	1801	6	0	0	434	480	451.3333333333333	0	0	0.0	0	0	0.0	0	0	0	0.0	ConditionsFirst	1180	1801	0	1801	0	0	0	0
C361	1851	6	0	0	427	486	462.6666666666667	0	0	0.0	0	0	0.0	0	0	0	0.0	ConditionsFirst	1280	1851	0	1851	0	0	0	0
C362	1851	6	0	0	439	479	459.3333333333333	0	0	0.0	0	0	0.0	0	0	0	0.0	ConditionsFirst	1301	1851	0	1851	0	0	0	0
C363	1851	6	0	0	449	485	469.0	0	0	0.0	0	0	0.0	0	0	0	0.0	ConditionsFirst	1268	1851	0	1851	0	0	0	0
C364	1851	6	0	0	429	500	462.8333333333333	0	0	0.0	0	0	0.0	0	0	0	0.0	ConditionsFirst	1337	1851	0	1851	0	0	0	0
C365	1851	6	0	0	430	485	458.1666666666667	0	0	0.0	0	0	0.0	0	0	0	0.0	ConditionsFirst	1348	1851	0	1851	0	0	0	0
C366	1851	6	0	0	427	477	460.1666666666667	0	0	0.0	0	0	0.0	0	0	0	0.0	ConditionsFirst	1292	1851	0	1851	0	0	0	0
C367	1851	6	0	0	442	481	460.5	0	0	0.0	0	0	0.0	0	0	0	0.0	ConditionsFirst	1287	1851	0	1851	0	0	0	0
C368	1851	6	0	0	435	484	456.8333333333333	0	0	0.0	0	0	0.0	0	0	0	0.0	ConditionsFirst	1285	1851	0	1851	0	0	0	0
C369	1851	6	0	0	427	495	461.6666666666667	0	0	0.0	0	0	0.0	0	0	0	0.0	ConditionsFirst	1299	1851	0	1851	0	0	0	0
C370	1851	6	0	0	436	485	461.0	0	0	0.0	0	0	0.0	0	0	0	0.0	ConditionsFirst	1296	1851	0	1851	0	0	0	0
C371	1901	6	0	0	440	499	474.0	0	0	0.0	0	0	0.0	0	0	0	0.0	ConditionsFirst	1347	1901	0	1901	0	0	0	0
C372	1901	6	0	0	451	497	473.5	0	0	0.0	0	0	0.0	0	0	0	0.0	ConditionsFirst	1390	1901	0	1901	0	0	0	0
C373	1901	6	0	0	460	495	478.5	0	0	0.0	0	0	0.0	0	0	0	0.0	ConditionsFirst	1334	1901	0	1901	0	0	0	0
C374	1901	6	0	0	446	495	473.5	0	0	0.0	0	0	0.0	0	0	0	0.0	ConditionsFirst	1336	1901	0	1901	0	0	0	0
C375	1901	6	0	0	451	490	470.0	0	0	0.0	0	0	0.0	0	0	0	0.0	ConditionsFirst	1397	1901	0	1901	0	0	0	0
C376	1901	6	0	0	445	487	471.6666666666667	0	0	0.0	0	0	0.0	0	0	0	0.0	ConditionsFirst	1356	1901	0	1901	0	0	0	0
C377	1901	6	0	0	454	495	471.1666666666667	0	0	0.0	0	0	0.0	0	0	0	0.0	ConditionsFirst	1430	1901	0	1901	0	0	0	0
C378	1901	6	0	0	453	513	472.1666666666667	0	0	0.0	0	0	0.0	0	0	0	0.0	ConditionsFirst	1444	1901	0	1901	0	0	0	0
C379	1901	6	0	0	425	537	476.0	0	0	0.0	0	0	0.0	0	0	0	0.0	ConditionsFirst	1457	1901	0	1901	0	0	0	0
C380	1901	6	0	0	455	485	473.3333333333333	0	0	0.0	0	0	0.0	0	0	0	0.0	ConditionsFirst	1372	1901	0	1901	0	0	0	0
C381	1951	6	0	0	448	512	486.6666666666667	0	0	0.0	0	0	0.0	0	0	0	0.0	ConditionsFirst	1399	1951	0	1951	0	0	0	0
C382	1951	6	0	0	469	507	488.1666666666667	0	0	0.0	0	0	0.0	0	0	0	0.0	ConditionsFirst	1392	1951	0	1951	0	0	0	0
C383	1951	6	0	0	466	507	489.8333333333333	0	0	0.0	0	0	0.0	0	0	0	0.0	ConditionsFirst	1395	1951	0	1951	0	0	0	0
C384	1951	6	0	0	472	513	487.5	0	0	0.0	0	0	0.0	0	0	0	0.0	ConditionsFirst	1405	1951	0	1951	0	0	0	0
C385	1951	6	0	0	473	498	483.0	0	0	0.0	0	0	0.0	0	0	0	0.0	ConditionsFirst	1466	1951	0	1951	0	0	0	0
C386	1951	6	0	0	473	499	484.3333333333333	0	0	0.0	0	0	0.0	0	0	0	0.0	ConditionsFirst	1400	1951	0	1951	0	0	0	0
C387	1951	6	0	0	471	492	481.5	0	0	0.0	0	0	0.0	0	0	0	0.0	ConditionsFirst	1552	1951	0	1951	0	0	0	0
C388	1951	6	0	0	463	508	490.3333333333333	0	0	0.0	0	0	0.0	0	0	0	0.0	ConditionsFirst	1485	1951	0	1951	0	0	0	0
C389	1951	6	0	0	470	532	487.3333333333333	0	0	0.0	0	0	0.0	0	0	0	0.0	ConditionsFirst	1473	1951	0	1951	0	0	0	0
C390	1951	6	0	0	464	509	484.1666666666667	0	0	0.0	0	0	0.0	0	0	0	0.0	ConditionsFirst	1586	1951	0	1951	0	0	0	0
C391	2001	6	0	0	465	519	499.1666666666667	0	0	0.0	0	0	0.0	0	0	0	0.0	ConditionsFirst	1610	2001	0	2001	0	0	0	0
C392	206	5	5	0	54	71	60.8	5	5	5.0	0	0	0.0	0	4	17	10.2	ConditionsFirst	21	208	0	209	1	133	133	133.0
C393	2001	6	0	0	481	523	502.0	0	0	0.0	0	0	0.0	0	0	0	0.0	ConditionsFirst	1549	2001	0	2001	0	0	0	0
C394	2001	6	0	0	479	521	497.0	0	0	0.0	0	0	0.0	0	0	0	0.0	ConditionsFirst	1522	2001	0	2001	0	0	0	0
C395	2001	6	0	0	484	516	498.0	0	0	0.0	0	0	0.0	0	0	0	0.0	ConditionsFirst	1471	2001	0	2001	0	0	0	0
C396	2001	6	0	0	488	510	498.8333333333333	0	0	0.0	0	0	0.0	0	0	0	0.0	ConditionsFirst	1570	2001	0	2001	0	0	0	0
C397	2001	6	0	0	470	508	491.8333333333333	0	0	0.0	0	0	0.0	0	0	0	0.0	ConditionsFirst	1510	2001	0	2001	0	0	0	0
C398	2001	6	0	0	473	526	499.8333333333333	0	0	0.0	0	0	0.0	0	0	0	0.0	ConditionsFirst	1457	2001	0	2001	0	0	0	0
C399	2001	6	0	0	480	543	502.6666666666667	0	0	0.0	0	0	0.0	0	0	0	0.0	ConditionsFirst	1561	2001	0	2001	0	0	0	0
C400	2001	6	0	0	466	523	496.1666666666667	0	0	0.0	0	0	0.0	0	0	0	0.0	ConditionsFirst	1658	2001	0	2001	0	0	0	0
C401	2051	6	0	0	468	534	511.5	0	0	0.0	0	0	0.0	0	0	0	0.0	ConditionsFirst	1580	2051	0	2051	0	0	0	0
C402	2051	6	0	0	488	546	511.8333333333333	0	0	0.0	0	0	0.0	0	0	0	0.0	ConditionsFirst	1540	2051	0	2051	0	0	0	0
C403	2051	6	0	0	497	528	513.0	0	0	0.0	0	0	0.0	0	0	0	0.0	ConditionsFirst	1621	2051	0	2051	0	0	0	0
C404	2051	6	0	0	475	536	508.3333333333333	0	0	0.0	0	0	0.0	0	0	0	0.0	ConditionsFirst	1597	2051	0	2051	0	0	0	0
C405	2051	6	0	0	479	530	511.8333333333333	0	0	0.0	0	0	0.0	0	0	0	0.0	ConditionsFirst	1552	2051	0	2051	0	0	0	0
C406	2051	6	0	0	502	526	513.1666666666666	0	0	0.0	0	0	0.0	0	0	0	0.0	ConditionsFirst	1608	2051	0	2051	0	0	0	0
C407	2051	6	0	0	474	543	509.3333333333333	0	0	0.0	0	0	0.0	0	0	0	0.0	ConditionsFirst	1558	2051	0	2051	0	0	0	0
C408	2051	6	0	0	487	541	513.1666666666666	0	0	0.0	0	0	0.0	0	0	0	0.0	ConditionsFirst	1546	2051	0	2051	0	0	0	0
C409	2051	6	0	0	486	548	514.5	0	0	0.0	0	0	0.0	0	0	0	0.0	ConditionsFirst	1624	2051	0	2051	0	0	0	0
C410	2051	6	0	0	476	537	509.0	0	0	0.0	0	0	0.0	0	0	0	0.0	ConditionsFirst	1634	2051	0	2051	0	0	0	0
C411	2101	6	0	0	487	547	525.0	0	0	0.0	0	0	0.0	0	0	0	0.0	ConditionsFirst	1680	2101	0	2101	0	0	0	0
C412	2101	6	0	0	501	550	524.8333333333334	0	0	0.0	0	0	0.0	0	0	0	0.0	ConditionsFirst	1754	2101	0	2101	0	0	0	0
C413	2101	6	0	0	515	545	526.0	0	0	0.0	0	0	0.0	0	0	0	0.0	ConditionsFirst	1699	2101	0	2101	0	0	0	0
C414	2101	6	0	0	472	548	520.5	0	0	0.0	0	0	0.0	0	0	0	0.0	ConditionsFirst	1878	2101	0	2101	0	0	0	0
C415	2101	6	0	0	474	538	519.1666666666666	0	0	0.0	0	0	0.0	0	0	0	0.0	ConditionsFirst	1816	2101	0	2101	0	0	0	0
C416	2101	6	0	0	504	550	524.5	0	0	0.0	0	0	0.0	0	0	0	0.0	ConditionsFirst	1707	2101	0	2101	0	0	0	0
C417	2101	6	0	0	495	548	519.8333333333334	0	0	0.0	0	0	0.0	0	0	0	0.0	ConditionsFirst	1649	2101	0	2101	0	0	0	0
C418	2101	6	0	0	484	564	523.1666666666666	0	0	0.0	0	0	0.0	0	0	0	0.0	ConditionsFirst	2329	2101	0	2101	0	0	0	0
C419	2101	6	0	0	508	540	524.1666666666666	0	0	0.0	0	0	0.0	0	0	0	0.0	ConditionsFirst	1676	2101	0	2101	0	0	0	0
C420	2101	6	0	0	496	537	520.0	0	0	0.0	0	0	0.0	0	0	0	0.0	ConditionsFirst	1649	2101	0	2101	0	0	0	0
C463	206	5	5	0	54	68	60.8	5	5	5.0	0	0	0.0	0	2	17	9.8	ConditionsFirst	19	201	0	202	1	41	41	41.0
C466	206	5	5	0	51	66	60.2	5	5	5.0	0	0	0.0	0	5	17	10.08	ConditionsFirst	20	201	0	201	0	0	0	0
C474	206	5	5	0	47	69	60.2	5	5	5.0	0	0	0.0	0	5	15	10.28	ConditionsFirst	24	209	0	210	1	100	100	100.0
C1001	1127	6	0	62	41	189	155.66666666666666	0	0	0.0	0	3	0.6666666666666666	2	0	0	0.0	ConditionsFirst	62	1177	0	1177	0	0	0	0
C1002	1883	6	0	89	41	301	126.5	0	0	0.0	0	8	1.5	2	0	0	0.0	ConditionsFirst	70	2093	0	2093	0	0	0	0
C1003	1477	6	0	77	56	305	138.0	0	0	0.0	0	3	0.8333333333333334	3	0	0	0.0	ConditionsFirst	65	1553	0	1553	0	0	0	0
C1004	1842	6	0	79	52	306	206.83333333333334	0	0	0.0	0	3	0.8333333333333334	2	0	0	0.0	ConditionsFirst	97	1939	0	1939	0	0	0	0
C1005	850	6	0	55	27	225	113.33333333333333	0	0	0.0	0	2	0.8333333333333334	3	0	0	0.0	ConditionsFirst	29	899	0	899	0	0	0	0
C1006	501	6	0	31	32	108	61.5	0	0	0.0	0	1	0.5	3	0	0	0.0	ConditionsFirst	16	551	0	551	0	0	0	0
C1007	967	6	0	63	3	119	54.833333333333336	0	0	0.0	0	3	0.8333333333333334	3	0	0	0.0	ConditionsFirst	27	1061	0	1061	0	0	0	0
C1008	1275	6	0	79	20	213	101.83333333333333	0	0	0.0	0	1	0.6666666666666666	4	0	0	0.0	ConditionsFirst	45	1339	0	1339	0	0	0	0
C1009	1316	6	0	135	21	80	50.666666666666664	0	0	0.0	0	2	0.6666666666666666	3	0	0	0.0	ConditionsFirst	22	1442	0	1442	0	0	0	0
C1010	1167	6	0	71	21	100	61.166666666666664	0	0	0.0	0	2	0.6666666666666666	3	0	0	0.0	ConditionsFirst	35	1299	0	1299	0	0	0	0
C1011	8461	6	0	659	90	520	343.3333333333333	0	0	0.0	0	3	1.1666666666666667	4	0	0	0.0	ConditionsFirst	253	9267	0	9267	0	0	0	0
C1012	50874	6	0	4679	94	1589	478.8333333333333	0	0	0.0	0	5	2.0	5	0	0	0.0	ConditionsFirst	2089	57539	0	57539	0	0	0	0
C1013	5429	6	0	527	31	524	224.5	0	0	0.0	0	5	2.1666666666666665	5	0	0	0.0	ConditionsFirst	211	6598	0	6598	0	0	0	0
C1014	11706	6	0	1139	92	711	414.5	0	0	0.0	0	5	1.6666666666666667	4	0	0	0.0	ConditionsFirst	535	13551	0	13551	0	0	0	0
C1015	6255	6	0	529	148	973	411.6666666666667	0	0	0.0	0	2	1.1666666666666667	5	0	0	0.0	ConditionsFirst	307	7341	0	7341	0	0	0	0
C1016	7337	6	0	647	34	311	163.83333333333334	0	0	0.0	0	7	1.8333333333333333	4	0	0	0.0	ConditionsFirst	278	8925	0	8925	0	0	0	0
C1017	12464	6	0	1079	22	864	229.66666666666666	0	0	0.0	0	15	3.1666666666666665	5	0	0	0.0	ConditionsFirst	434	12921	0	12921	0	0	0	0
C1018	9060	6	0	879	107	935	350.5	0	0	0.0	0	5	1.3333333333333333	3	0	0	0.0	ConditionsFirst	335	10187	0	10187	0	0	0	0
C1019	11890	6	0	1007	47	1050	344.8333333333333	0	0	0.0	0	4	1.3333333333333333	4	0	0	0.0	ConditionsFirst	433	13373	0	13373	0	0	0	0
C1020	6456	6	0	494	228	438	324.3333333333333	0	0	0.0	0	9	1.8333333333333333	3	0	0	0.0	ConditionsFirst	250	7173	0	7173	0	0	0	0
C1021	110387	6	0	12239	330	1752	688.1666666666666	0	0	0.0	0	5	2.6666666666666665	5	0	0	0.0	ConditionsFirst	6441	120023	0	120023	0	0	0	0
C1022	76412	6	0	9179	144	3492	1100.5	0	0	0.0	0	9	2.5	5	0	0	0.0	ConditionsFirst	4710	91091	0	91091	0	0	0	0
C1023	57817	6	0	7487	196	1021	537.1666666666666	0	0	0.0	1	7	3.0	6	0	0	0.0	ConditionsFirst	2477	72049	0	72049	0	0	0	0
C1024	99999	6	0	10607	72	7063	2272.5	0	0	0.0	1	5	2.0	6	0	0	0.0	ConditionsFirst	6830	117255	0	117255	0	0	0	0
C1025	40683	6	0	5039	47	3640	1005.1666666666666	0	0	0.0	0	11	3.1666666666666665	5	0	0	0.0	ConditionsFirst	2102	44255	0	44255	0	0	0	0
C1026	45583	6	0	5471	265	1176	474.3333333333333	0	0	0.0	0	17	3.6666666666666665	5	0	0	0.0	ConditionsFirst	1683	53591	0	53591	0	0	0	0
C1027	55669	6	0	5781	655	5806	1960.5	0	0	0.0	0	6	2.0	5	0	0	0.0	ConditionsFirst	3391	61839	0	61839	0	0	0	0
C1028	105213	6	0	13529	105	1851	919.1666666666666	0	0	0.0	0	4	1.8333333333333333	5	0	0	0.0	ConditionsFirst	8105	118172	0	118172	0	0	0	0
C1029	124055	6	0	10367	205	4300	2009.0	0	0	0.0	0	11	3.6666666666666665	4	0	0	0.0	ConditionsFirst	9887	142083	0	142083	0	0	0	0
C1030	27743	6	0	3455	79	921	451.0	0	0	0.0	0	5	2.3333333333333335	4	0	0	0.0	ConditionsFirst	945	30935	0	30935	0	0	0	0
C1031	348784	6	0	59199	120	6060	1591.1666666666667	0	0	0.0	0	17	6.5	5	0	0	0.0	ConditionsFirst	116137	422011	0	422011	0	0	0	0
C1032	671359	6	0	95423	500	1624	918.8333333333334	0	0	0.0	0	11	4.5	5	0	0	0.0	ConditionsFirst	597186	826703	0	826703	0	0	0	0
C1033	283110	6	0	44267	393	5820	1661.0	0	0	0.0	0	29	7.0	5	0	0	0.0	ConditionsFirst	58116	337078	0	337078	0	0	0	0
C1034	55987	6	0	8975	0	1945	636.5	0	0	0.0	0	23	5.5	4	0	0	0.0	ConditionsFirst	2476	60581	0	60581	0	0	0	0
C1035	449895	6	0	60527	760	7392	3362.3333333333335	0	0	0.0	0	11	4.333333333333333	5	0	0	0.0	ConditionsFirst	157378	513051	0	513051	0	0	0	0
C1036	275073	6	0	26111	404	4728	2177.3333333333335	0	0	0.0	0	11	4.0	4	0	0	0.0	ConditionsFirst	36614	322611	0	322611	0	0	0	0
C1037	307939	6	0	32831	1017	5972	3176.5	0	0	0.0	0	8	4.166666666666667	5	0	0	0.0	ConditionsFirst	44186	342799	0	342799	0	0	0	0
C1038	668952	6	0	74303	312	9219	3210.1666666666665	0	0	0.0	1	9	4.666666666666667	6	0	0	0.0	ConditionsFirst	307099	799903	0	799903	0	0	0	0
C1039	232991	6	0	33791	695	3510	1875.3333333333333	0	0	0.0	0	15	3.6666666666666665	4	0	0	0.0	ConditionsFirst	31048	290695	0	290695	0	0	0	0
C1040	97843	6	0	15039	213	1606	850.5	0	0	0.0	0	9	2.8333333333333335	4	0	0	0.0	ConditionsFirst	7976	133219	0	133219	0	0	0	0
C1041	1001	5	0	0	287	320	303.2	0	0	0.0	0	0	0.0	0	0	0	0.0	ConditionsFirst	354	1001	0	1001	0	0	0	0
C1042	1001	5	0	0	278	313	295.4	0	0	0.0	0	0	0.0	0	0	0	0.0	ConditionsFirst	372	1001	0	1001	0	0	0	0
C1043	1001	5	0	0	277	324	300.6	0	0	0.0	0	0	0.0	0	0	0	0.0	ConditionsFirst	357	1001	0	1001	0	0	0	0
C1044	1001	5	0	0	287	316	302.2	0	0	0.0	0	0	0.0	0	0	0	0.0	ConditionsFirst	358	1001	0	1001	0	0	0	0
C1045	1001	5	0	0	286	311	296.8	0	0	0.0	0	0	0.0	0	0	0	0.0	ConditionsFirst	374	1001	0	1001	0	0	0	0
C1046	1001	5	0	0	282	312	299.4	0	0	0.0	0	0	0.0	0	0	0	0.0	ConditionsFirst	356	1001	0	1001	0	0	0	0
C1047	1001	5	0	0	273	331	305.0	0	0	0.0	0	0	0.0	0	0	0	0.0	ConditionsFirst	350	1001	0	1001	0	0	0	0
C1048	1001	5	0	0	293	308	301.4	0	0	0.0	0	0	0.0	0	0	0	0.0	ConditionsFirst	355	1001	0	1001	0	0	0	0
C1049	1001	5	0	0	291	314	302.4	0	0	0.0	0	0	0.0	0	0	0	0.0	ConditionsFirst	352	1001	0	1001	0	0	0	0
C1050	1001	5	0	0	293	312	301.2	0	0	0.0	0	0	0.0	0	0	0	0.0	ConditionsFirst	361	1001	0	1001	0	0	0	0
C1095	1006	5	5	0	288	323	306.0	5	5	5.0	0	0	0.0	0	38	63	51.4	ConditionsFirst	687	1004	0	1005	1	660	660	660.0
C1405	1006	5	5	0	267	323	296.8	5	5	5.0	0	0	0.0	0	37	69	49.32	ConditionsFirst	679	1002	0	1003	1	490	490	490.0
C1415	1006	5	5	0	286	305	294.8	5	5	5.0	0	0	0.0	0	35	64	48.92	ConditionsFirst	684	1011	0	1012	1	639	639	639.0
C1546	1006	5	5	0	287	310	296.0	5	5	5.0	0	0	0.0	0	40	64	49.84	ConditionsFirst	695	1001	0	1001	0	0	0	0
C1578	1006	5	5	0	285	304	299.0	5	5	5.0	0	0	0.0	0	34	60	49.56	ConditionsFirst	671	1004	0	1005	1	167	167	167.0
C1673	1006	5	5	0	272	324	302.2	5	5	5.0	0	0	0.0	0	40	65	50.48	ConditionsFirst	689	1022	0	1023	1	162	162	162.0
C1775	1006	5	5	0	293	315	304.8	5	5	5.0	0	0	0.0	0	36	71	50.84	ConditionsFirst	664	1005	0	1006	1	185	185	185.0
C1831	1006	5	5	0	275	312	297.4	5	5	5.0	0	0	0.0	0	38	60	49.48	ConditionsFirst	686	1004	0	1005	1	312	312	312.0
C1897	1006	5	5	0	278	314	298.8	5	5	5.0	0	0	0.0	0	36	67	50.08	ConditionsFirst	718	1005	0	1006	1	500	500	500.0
C1946	1006	5	5	0	290	322	300.4	5	5	5.0	0	0	0.0	0	37	60	51.2	ConditionsFirst	688	1010	0	1011	1	500	500	500.0
C9414	211	5	10	0	53	69	59.4	10	10	10.0	0	0	0.0	0	2	10	5.28	ConditionsFirst	23	201	0	201	0	0	0	0
C10166	211	5	10	0	52	70	60.2	10	10	10.0	0	0	0.0	0	2	11	5.46	ConditionsFirst	22	204	0	205	1	100	100	100.0
C11289	1011	5	10	0	290	336	302.8	10	10	10.0	0	0	0.0	0	14	42	27.52	ConditionsFirst	715	1006	0	1007	1	912	912	912.0
C15150	1011	5	10	0	289	323	299.6	10	10	10.0	0	0	0.0	0	19	46	27.26	ConditionsFirst	818	1007	0	1008	1	914	914	914.0
C18406	1011	5	10	0	273	331	301.2	10	10	10.0	0	0	0.0	0	17	45	27.22	ConditionsFirst	788	1005	0	1006	1	431	431	431.0
C23416	1011	5	10	0	264	328	297.0	10	10	10.0	0	0	0.0	0	14	45	26.92	ConditionsFirst	754	1014	0	1015	1	169	169	169.0
C23519	1011	5	10	0	288	324	300.2	10	10	10.0	0	0	0.0	0	15	37	27.26	ConditionsFirst	762	1008	0	1009	1	635	635	635.0
C30747	211	5	10	0	55	71	62.0	10	10	10.0	0	0	0.0	0	2	12	5.72	ConditionsFirst	23	206	0	207	1	164	164	164.0
C36411	1011	5	10	0	293	315	302.2	10	10	10.0	0	0	0.0	0	17	40	27.46	ConditionsFirst	814	1006	0	1007	1	354	354	354.0
C36505	1011	5	10	0	266	317	298.0	10	10	10.0	0	0	0.0	0	17	37	27.16	ConditionsFirst	784	1016	0	1017	1	726	726	726.0
C37578	211	5	10	0	52	66	61.4	10	10	10.0	0	0	0.0	0	2	12	5.6	ConditionsFirst	22	204	0	205	1	40	40	40.0
C37663	1011	5	10	0	254	322	303.0	10	10	10.0	0	0	0.0	0	16	35	27.58	ConditionsFirst	831	1003	0	1004	1	626	626	626.0
C38336	1011	5	10	0	300	318	307.0	10	10	10.0	0	0	0.0	0	17	39	28.16	ConditionsFirst	704	1003	0	1004	1	736	736	736.0
C46767	211	5	10	0	56	63	59.6	10	10	10.0	0	0	0.0	0	2	12	5.4	ConditionsFirst	24	205	0	206	1	139	139	139.0
C46786	1011	5	10	0	292	316	301.0	10	10	10.0	0	0	0.0	0	18	41	27.6	ConditionsFirst	720	1010	0	1011	1	353	353	353.0
C60285	211	5	10	0	55	64	60.6	10	10	10.0	0	0	0.0	0	1	14	5.54	ConditionsFirst	22	206	0	207	1	138	138	138.0
C68691	211	5	10	0	48	68	60.2	10	10	10.0	0	0	0.0	0	1	10	5.24	ConditionsFirst	22	201	0	201	0	0	0	0
C69205	211	5	10	0	58	68	62.0	10	10	10.0	0	0	0.0	0	2	11	5.72	ConditionsFirst	23	207	0	208	1	66	66	66.0
C78320	211	5	10	0	51	67	59.8	10	10	10.0	0	0	0.0	0	0	10	5.6	ConditionsFirst	30	213	0	214	1	90	90	90.0
C90372	211	5	10	0	49	71	62.4	10	10	10.0	0	0	0.0	0	2	10	5.68	ConditionsFirst	22	204	0	205	1	25	25	25.0
C913478	216	5	15	0	53	84	65.4	15	15	15.0	0	0	0.0	0	0	11	4.04	ConditionsFirst	24	203	0	204	1	166	166	166.0
C1120322	1016	5	15	0	281	319	301.4	15	15	15.0	0	0	0.0	0	11	29	18.706666666666667	ConditionsFirst	717	1003	0	1004	1	61	61	61.0
C1306116	1016	5	15	0	298	309	303.0	15	15	15.0	0	0	0.0	0	9	26	18.786666666666665	ConditionsFirst	739	1011	0	1012	1	315	315	315.0
C1775681	1016	5	15	0	271	322	298.8	15	15	15.0	0	0	0.0	0	10	27	18.666666666666668	ConditionsFirst	725	1013	0	1014	1	640	640	640.0
C1871074	1016	5	15	0	279	323	306.4	15	15	15.0	0	0	0.0	0	10	31	19.373333333333335	ConditionsFirst	713	1014	0	1015	1	242	242	242.0
C2187983	216	5	15	0	58	66	60.6	15	15	15.0	0	0	0.0	0	0	8	3.7733333333333334	ConditionsFirst	25	201	0	201	0	0	0	0
C2287659	1016	5	15	0	285	311	299.4	15	15	15.0	0	0	0.0	0	9	27	18.76	ConditionsFirst	717	1009	0	1010	1	177	177	177.0
C2985656	1016	5	15	0	293	318	303.6	15	15	15.0	0	0	0.0	0	10	29	18.866666666666667	ConditionsFirst	701	1003	0	1004	1	932	932	932.0
C3929333	1016	5	15	0	266	339	301.8	15	15	15.0	0	0	0.0	0	7	32	18.613333333333333	ConditionsFirst	712	1006	0	1007	1	788	788	788.0
C4926236	216	5	15	0	51	71	62.2	15	15	15.0	0	0	0.0	0	0	7	3.8133333333333335	ConditionsFirst	26	214	0	215	1	112	112	112.0
C5431962	1016	5	15	0	265	323	297.8	15	15	15.0	0	0	0.0	0	8	28	18.613333333333333	ConditionsFirst	721	1008	0	1009	1	755	755	755.0
C5570293	1016	5	15	0	288	316	299.4	15	15	15.0	0	0	0.0	0	12	27	18.773333333333333	ConditionsFirst	720	1002	0	1003	1	126	126	126.0
C5909739	1016	5	15	0	281	312	301.4	15	15	15.0	0	0	0.0	0	12	31	19.026666666666667	ConditionsFirst	730	1009	0	1010	1	253	253	253.0
C6425197	216	5	15	0	55	66	58.8	15	15	15.0	0	0	0.0	0	0	10	3.533333333333333	ConditionsFirst	25	207	0	208	1	14	14	14.0
C6852353	216	5	15	0	49	78	59.6	15	15	15.0	0	0	0.0	0	0	11	3.7066666666666666	ConditionsFirst	28	209	0	210	1	177	177	177.0
C8406660	216	5	15	0	52	62	56.8	15	15	15.0	0	0	0.0	0	0	9	3.5733333333333333	ConditionsFirst	30	202	0	203	1	130	130	130.0
C8540650	216	5	15	0	49	69	58.2	15	15	15.0	0	0	0.0	0	1	8	3.6533333333333333	ConditionsFirst	29	205	0	206	1	55	55	55.0
C8735382	216	5	15	0	50	70	59.4	15	15	15.0	0	0	0.0	0	0	10	3.6933333333333334	ConditionsFirst	26	203	0	204	1	34	34	34.0
C8882277	216	5	15	0	56	66	60.2	15	15	15.0	0	0	0.0	0	0	8	3.72	ConditionsFirst	26	213	0	214	1	127	127	127.0
C9712244	216	5	15	0	43	73	58.8	15	15	15.0	0	0	0.0	0	0	9	3.64	ConditionsFirst	26	203	0	204	1	45	45	45.0
C9712245	269	5	0	1	53	84	65.0	0	0	0.0	0	1	0.2	1	0	0	0.0	ConditionsFirst	16	276	0	276	0	0	0	0
C9712246	222	5	0	1	52	70	63.4	0	0	0.0	0	1	0.2	1	0	0	0.0	ConditionsFirst	11	226	0	226	0	0	0	0
C9712247	262	5	0	1	58	91	66.0	0	0	0.0	0	1	0.2	1	0	0	0.0	ConditionsFirst	15	262	0	262	0	0	0	0
C9712248	252	5	0	1	48	73	63.4	0	0	0.0	0	1	0.2	1	0	0	0.0	ConditionsFirst	14	253	0	253	0	0	0	0
C9712249	223	5	0	1	55	64	59.2	0	0	0.0	0	1	0.2	1	0	0	0.0	ConditionsFirst	14	224	0	224	0	0	0	0
C9712250	275	5	0	1	52	108	66.2	0	0	0.0	0	1	0.2	1	0	0	0.0	ConditionsFirst	16	275	0	275	0	0	0	0
C9712251	223	5	0	1	53	68	60.8	0	0	0.0	0	1	0.2	1	0	0	0.0	ConditionsFirst	13	223	0	223	0	0	0	0
C9712252	237	5	0	1	52	80	62.4	0	0	0.0	0	1	0.2	1	0	0	0.0	ConditionsFirst	13	242	0	242	0	0	0	0
C9712253	214	5	0	1	51	73	61.6	0	0	0.0	0	1	0.2	1	0	0	0.0	ConditionsFirst	13	216	0	216	0	0	0	0
C9712254	249	5	0	1	59	75	66.4	0	0	0.0	0	1	0.2	1	0	0	0.0	ConditionsFirst	13	250	0	250	0	0	0	0
C9712300	219	5	5	1	57	69	63.6	5	5	5.0	0	0	0.0	0	4	23	10.8	ConditionsFirst	27	234	0	236	1	157	157	157.0
C9712320	223	5	5	1	53	70	61.6	5	5	5.0	0	0	0.0	0	6	25	10.52	ConditionsFirst	26	222	0	222	0	0	0	0
C9712379	225	5	5	1	56	71	59.8	5	5	5.0	0	0	0.0	0	6	17	9.84	ConditionsFirst	25	226	0	228	2	55	131	93.0
C9712419	217	5	5	1	55	66	60.8	5	5	5.0	0	1	0.2	1	5	14	10.2	ConditionsFirst	37	350	0	352	2	34	34	34.0
C9712495	218	5	5	1	57	67	61.8	5	5	5.0	0	0	0.0	0	5	21	11.12	ConditionsFirst	28	229	0	230	1	160	160	160.0
C9712559	224	5	5	1	43	72	59.0	5	5	5.0	0	0	0.0	0	5	21	9.6	ConditionsFirst	26	231	0	233	2	90	93	91.5
C9712572	227	5	5	1	56	70	62.8	5	5	5.0	0	1	0.2	1	6	15	9.68	ConditionsFirst	24	222	0	222	0	0	0	0
C9712652	216	5	5	1	52	69	61.2	5	5	5.0	0	0	0.0	0	5	16	9.76	ConditionsFirst	29	239	0	241	2	20	148	84.0
C9712689	228	5	5	1	56	71	60.6	5	5	5.0	0	1	0.2	1	5	15	9.52	ConditionsFirst	33	330	0	332	2	101	101	101.0
C9712695	217	5	5	1	53	65	60.0	5	5	5.0	0	0	0.0	0	4	17	10.44	ConditionsFirst	24	225	0	227	2	47	69	58.0
C9715112	223	5	10	1	54	77	64.6	10	10	10.0	0	0	0.0	0	1	14	5.84	ConditionsFirst	30	286	0	288	2	58	58	58.0
C9717732	222	5	10	1	54	68	61.2	10	10	10.0	0	1	0.2	1	1	11	5.32	ConditionsFirst	26	229	0	231	2	53	76	64.5
C9717866	221	5	10	1	48	73	60.2	10	10	10.0	0	0	0.0	0	1	19	5.48	ConditionsFirst	26	219	0	221	2	26	171	98.5
C9723690	221	5	10	1	52	83	60.6	10	10	10.0	0	1	0.2	1	1	12	5.6	ConditionsFirst	43	341	0	343	2	71	71	71.0
C9729774	220	5	10	1	51	70	60.8	10	10	10.0	0	0	0.0	0	1	12	5.42	ConditionsFirst	28	223	0	225	2	41	62	51.5
C9730200	221	5	10	1	55	68	62.0	10	10	10.0	0	0	0.0	0	1	15	5.78	ConditionsFirst	40	347	0	349	2	55	55	55.0
C9731008	224	5	10	1	52	73	60.6	10	10	10.0	0	0	0.0	0	0	12	5.44	ConditionsFirst	35	284	0	286	1	241	241	241.0
C9732269	220	5	10	1	50	83	61.0	10	10	10.0	0	0	0.0	0	1	15	5.58	ConditionsFirst	29	251	0	253	2	17	17	17.0
C9732364	224	5	10	1	52	68	59.2	10	10	10.0	0	0	0.0	0	1	15	5.32	ConditionsFirst	36	294	0	296	2	59	59	59.0
C9733445	220	5	10	1	53	68	61.8	10	10	10.0	0	0	0.0	0	1	13	5.7	ConditionsFirst	28	242	0	244	1	190	190	190.0
C9926755	227	5	15	1	50	64	58.8	15	15	15.0	0	0	0.0	0	1	12	3.7333333333333334	ConditionsFirst	31	226	0	228	2	21	190	105.5
C9929279	226	5	15	1	53	69	60.8	15	15	15.0	0	0	0.0	0	0	12	3.9066666666666667	ConditionsFirst	31	229	0	231	2	25	70	47.5
C10149177	226	5	15	1	56	72	60.0	15	15	15.0	0	0	0.0	0	1	13	3.9066666666666667	ConditionsFirst	30	219	0	221	2	57	145	101.0
C10158257	228	5	15	1	55	67	59.6	15	15	15.0	0	0	0.0	0	0	14	3.76	ConditionsFirst	33	226	0	228	2	21	140	80.5
C10446746	228	5	15	1	43	72	61.2	15	15	15.0	0	0	0.0	0	0	14	3.92	ConditionsFirst	32	239	0	241	2	18	149	83.5
C10598570	229	5	15	1	52	68	61.6	15	15	15.0	0	0	0.0	0	0	9	3.933333333333333	ConditionsFirst	31	233	0	235	2	45	159	102.0
C10645096	227	5	15	1	55	80	63.0	15	15	15.0	0	0	0.0	0	0	14	4.0	ConditionsFirst	33	255	0	257	1	222	222	222.0
C10713607	227	5	15	1	51	71	62.6	15	15	15.0	0	0	0.0	0	1	13	3.986666666666667	ConditionsFirst	30	219	0	221	2	51	101	76.0
C10741204	226	5	15	1	50	74	61.0	15	15	15.0	0	0	0.0	0	0	13	3.8933333333333335	ConditionsFirst	46	322	0	324	2	96	96	96.0
C10862038	227	5	15	1	59	67	63.2	15	15	15.0	0	0	0.0	0	0	12	3.933333333333333	ConditionsFirst	29	230	0	232	2	46	114	80.0
C10862039	292	5	0	2	52	98	65.2	0	0	0.0	0	2	0.4	1	0	0	0.0	ConditionsFirst	17	291	0	291	0	0	0	0
C10862040	437	5	0	3	94	134	110.6	0	0	0.0	0	3	0.6	1	0	0	0.0	ConditionsFirst	31	439	0	439	0	0	0	0
C10862041	286	5	0	2	56	74	65.6	0	0	0.0	0	1	0.2	1	0	0	0.0	ConditionsFirst	16	288	0	288	0	0	0	0
C10862042	410	5	0	3	49	129	75.2	0	0	0.0	0	1	0.4	2	0	0	0.0	ConditionsFirst	19	410	0	410	0	0	0	0
C10862043	358	5	0	3	72	107	88.0	0	0	0.0	0	1	0.4	2	0	0	0.0	ConditionsFirst	21	359	0	359	0	0	0	0
C10862044	267	5	0	2	44	91	64.4	0	0	0.0	0	2	0.4	1	0	0	0.0	ConditionsFirst	15	276	0	276	0	0	0	0
C10862045	261	5	0	2	55	86	64.0	0	0	0.0	0	2	0.4	1	0	0	0.0	ConditionsFirst	14	261	0	261	0	0	0	0
C10862046	285	5	0	2	49	88	67.0	0	0	0.0	0	1	0.2	1	0	0	0.0	ConditionsFirst	14	287	0	287	0	0	0	0
C10862047	269	5	0	2	48	82	64.4	0	0	0.0	0	1	0.2	1	0	0	0.0	ConditionsFirst	15	277	0	277	0	0	0	0
C10862048	270	5	0	2	56	72	64.0	0	0	0.0	0	1	0.2	1	0	0	0.0	ConditionsFirst	15	269	0	269	0	0	0	0
C10862051	235	5	5	2	59	72	65.8	5	5	5.0	0	0	0.0	0	6	19	11.12	ConditionsFirst	38	339	0	342	2	104	119	111.5
C10862073	233	5	5	2	55	70	64.0	5	5	5.0	0	1	0.2	1	5	19	10.72	ConditionsFirst	33	302	0	305	3	30	30	30.0
C10862075	230	5	5	2	54	71	60.8	5	5	5.0	0	0	0.0	0	4	21	10.36	ConditionsFirst	38	311	0	313	2	72	72	72.0
C10862087	236	5	5	2	56	72	61.6	5	5	5.0	0	0	0.0	0	5	21	9.88	ConditionsFirst	34	284	0	286	2	33	33	33.0
C10862100	233	5	5	2	54	70	61.4	5	5	5.0	0	1	0.2	1	5	21	10.16	ConditionsFirst	48	430	0	434	4	69	84	76.5
C10862137	230	5	5	2	55	75	63.8	5	5	5.0	0	0	0.0	0	6	17	10.72	ConditionsFirst	27	238	0	241	3	30	41	35.0
C10862201	239	5	5	2	55	73	62.6	5	5	5.0	0	1	0.2	1	3	21	9.8	ConditionsFirst	30	281	0	283	2	34	34	34.0
C10862209	239	5	5	2	51	87	62.0	5	5	5.0	0	1	0.2	1	5	19	10.16	ConditionsFirst	48	448	0	452	4	36	156	96.0
C10862223	231	5	5	2	55	76	64.8	5	5	5.0	0	1	0.2	1	4	18	10.6	ConditionsFirst	31	291	0	292	1	108	108	108.0
C10862240	234	5	5	2	57	70	64.4	5	5	5.0	0	1	0.2	1	6	14	10.04	ConditionsFirst	31	314	0	317	3	68	77	71.0
C10862919	240	5	10	2	56	77	66.2	10	10	10.0	0	0	0.0	0	1	15	5.98	ConditionsFirst	30	256	0	257	1	156	156	156.0
C10863242	231	5	10	2	55	72	63.4	10	10	10.0	0	0	0.0	0	1	15	5.94	ConditionsFirst	28	232	0	235	3	2	75	32.333333333333336
C10864483	235	5	10	2	51	79	63.4	10	10	10.0	0	1	0.2	1	2	21	5.78	ConditionsFirst	54	441	0	444	3	98	98	98.0
C10865145	236	5	10	2	50	88	63.0	10	10	10.0	0	1	0.2	1	1	14	5.6	ConditionsFirst	88	735	0	743	8	17	136	76.5
C10865432	236	5	10	2	58	69	63.2	10	10	10.0	0	0	0.0	0	1	14	6.06	ConditionsFirst	38	298	0	302	3	40	113	80.66666666666667
C10867937	241	5	10	2	58	70	63.4	10	10	10.0	0	0	0.0	0	0	17	5.96	ConditionsFirst	45	346	0	350	4	5	182	72.25
C10868000	235	5	10	2	55	68	61.6	10	10	10.0	0	0	0.0	0	1	14	5.76	ConditionsFirst	33	254	0	257	2	45	174	109.5
C10868284	240	5	10	2	52	85	62.8	10	10	10.0	0	0	0.0	0	2	17	5.76	ConditionsFirst	31	242	0	245	2	5	206	105.5
C10868355	233	5	10	2	50	79	61.8	10	10	10.0	0	0	0.0	0	1	16	5.76	ConditionsFirst	29	232	0	234	2	20	35	27.5
C10868488	238	5	10	2	56	76	62.8	10	10	10.0	0	0	0.0	0	1	17	5.72	ConditionsFirst	29	239	0	241	2	20	191	105.5
C10874140	236	5	15	2	57	71	65.8	15	15	15.0	0	0	0.0	0	0	12	4.173333333333333	ConditionsFirst	33	249	0	251	2	70	151	110.5
C10886504	236	5	15	2	54	71	63.2	15	15	15.0	0	0	0.0	0	0	14	3.986666666666667	ConditionsFirst	54	397	0	405	7	4	102	45.42857142857143
C10936388	239	5	15	2	50	75	62.2	15	15	15.0	0	0	0.0	0	0	18	3.84	ConditionsFirst	42	299	0	303	4	39	107	70.5
C10986112	238	5	15	2	52	70	62.0	15	15	15.0	0	0	0.0	0	1	10	3.973333333333333	ConditionsFirst	57	385	0	388	3	33	33	33.0
C11026434	243	5	15	2	57	78	66.4	15	15	15.0	0	0	0.0	0	0	18	4.12	ConditionsFirst	63	461	0	468	5	52	108	75.2
C11121540	237	5	15	2	51	77	63.4	15	15	15.0	0	0	0.0	0	0	18	4.066666666666666	ConditionsFirst	38	270	0	272	2	38	38	38.0
C11172949	234	5	15	2	55	75	63.2	15	15	15.0	0	0	0.0	0	0	9	3.933333333333333	ConditionsFirst	33	247	0	250	3	11	125	72.33333333333333
C11176540	241	5	15	2	48	73	62.8	15	15	15.0	0	0	0.0	0	0	18	4.04	ConditionsFirst	34	245	0	248	3	11	131	67.33333333333333
C11194297	235	5	15	2	58	73	64.2	15	15	15.0	0	1	0.2	1	0	16	3.986666666666667	ConditionsFirst	34	264	0	267	3	10	30	23.333333333333332
C11235793	238	5	15	2	50	71	62.6	15	15	15.0	0	0	0.0	0	1	12	3.986666666666667	ConditionsFirst	37	264	0	268	3	25	150	74.33333333333333
C11235794	342	5	0	4	53	112	72.6	0	0	0.0	0	2	0.4	1	0	0	0.0	ConditionsFirst	22	343	0	343	0	0	0	0
C11235795	360	5	0	5	74	109	88.0	0	0	0.0	0	1	0.4	2	0	0	0.0	ConditionsFirst	30	362	0	362	0	0	0	0
C11235796	454	5	0	5	81	158	110.4	0	0	0.0	0	5	1.0	1	0	0	0.0	ConditionsFirst	39	460	0	460	0	0	0	0
C11235797	443	5	0	5	80	152	111.0	0	0	0.0	0	3	0.6	1	0	0	0.0	ConditionsFirst	31	445	0	445	0	0	0	0
C11235798	294	5	0	3	51	94	69.6	0	0	0.0	0	1	0.2	1	0	0	0.0	ConditionsFirst	16	302	0	302	0	0	0	0
C11235799	413	5	0	5	68	112	94.8	0	0	0.0	0	1	0.4	2	0	0	0.0	ConditionsFirst	27	422	0	422	0	0	0	0
C11235800	292	5	0	3	54	88	65.8	0	0	0.0	0	2	0.4	1	0	0	0.0	ConditionsFirst	16	292	0	292	0	0	0	0
C11235801	293	5	0	3	45	85	64.0	0	0	0.0	0	2	0.4	1	0	0	0.0	ConditionsFirst	18	303	0	303	0	0	0	0
C11235802	298	5	0	3	57	102	71.6	0	0	0.0	0	3	0.6	1	0	0	0.0	ConditionsFirst	16	299	0	299	0	0	0	0
C11235803	437	5	0	5	72	131	98.4	0	0	0.0	0	1	0.4	2	0	0	0.0	ConditionsFirst	27	435	0	435	0	0	0	0
C11235813	246	5	5	3	52	78	67.6	5	5	5.0	0	1	0.2	1	3	19	10.92	ConditionsFirst	64	591	0	596	5	39	212	73.6
C11235831	250	5	5	3	62	64	63.2	5	5	5.0	0	0	0.0	0	5	19	10.32	ConditionsFirst	53	368	0	369	1	128	128	128.0
C11235834	252	5	5	3	58	70	63.6	5	5	5.0	0	1	0.2	1	3	22	10.48	ConditionsFirst	55	489	0	494	5	61	127	83.8
C11235847	248	5	5	3	56	81	65.0	5	5	5.0	0	1	0.2	1	6	18	11.24	ConditionsFirst	31	256	0	258	2	4	89	46.5
C11235882	281	5	5	4	58	107	73.4	5	5	5.0	0	0	0.0	0	6	51	12.68	ConditionsFirst	56	421	0	423	1	383	383	383.0
C11235889	267	5	5	3	50	86	64.2	5	5	5.0	0	0	0.0	0	5	25	10.88	ConditionsFirst	72	547	0	557	8	23	159	62.5
C11235897	238	5	5	3	47	79	62.4	5	5	5.0	0	1	0.2	1	4	17	10.48	ConditionsFirst	37	281	0	282	1	234	234	234.0
C11235899	292	5	5	4	51	86	72.8	5	5	5.0	0	0	0.0	0	6	41	12.56	ConditionsFirst	80	541	0	549	3	5	238	131.66666666666666
C11235901	254	5	5	3	57	69	62.2	5	5	5.0	0	1	0.2	1	6	23	10.24	ConditionsFirst	69	461	0	467	4	49	107	77.25
C11235902	270	5	5	4	56	87	68.2	5	5	5.0	0	1	0.2	1	5	30	11.96	ConditionsFirst	63	469	0	474	4	72	177	98.25
C11236089	249	5	10	3	53	76	61.6	10	10	10.0	0	0	0.0	0	1	16	5.82	ConditionsFirst	41	289	0	293	3	36	181	84.33333333333333
C11236113	248	5	10	3	57	75	64.8	10	10	10.0	0	1	0.2	1	2	16	5.92	ConditionsFirst	44	356	0	360	4	24	92	58.5
C11236204	247	5	10	3	56	81	63.2	10	10	10.0	0	0	0.0	0	1	15	5.8	ConditionsFirst	40	292	0	296	3	39	179	90.33333333333333
C11236370	251	5	10	3	53	76	63.0	10	10	10.0	0	0	0.0	0	2	21	5.78	ConditionsFirst	42	297	0	303	4	2	158	66.5
C11236527	249	5	10	3	56	72	64.0	10	10	10.0	0	0	0.0	0	1	16	5.96	ConditionsFirst	43	327	0	332	3	8	218	85.33333333333333
C11236686	250	5	10	3	49	78	64.8	10	10	10.0	0	0	0.0	0	0	18	5.98	ConditionsFirst	54	405	0	410	5	22	79	53.2
C11237945	249	5	10	3	52	72	65.4	10	10	10.0	0	0	0.0	0	0	18	5.96	ConditionsFirst	39	300	0	305	4	18	96	68.25
C11238478	265	5	10	4	58	82	67.0	10	10	10.0	0	1	0.2	1	2	22	6.22	ConditionsFirst	68	485	0	493	8	21	25	23.0
C11238511	246	5	10	3	52	73	62.0	10	10	10.0	0	0	0.0	0	1	15	5.58	ConditionsFirst	83	580	0	586	6	18	140	79.0
C11238725	248	5	10	3	53	74	64.0	10	10	10.0	0	0	0.0	0	0	15	5.5	ConditionsFirst	59	458	0	464	5	5	156	75.8
C11269707	249	5	15	3	53	87	64.6	15	15	15.0	0	0	0.0	0	0	12	4.12	ConditionsFirst	41	270	0	275	3	27	107	76.0
C11270808	250	5	15	3	56	74	64.8	15	15	15.0	0	1	0.2	1	0	12	4.04	ConditionsFirst	97	683	0	692	7	29	151	86.14285714285714
C11295162	244	5	15	3	56	66	62.0	15	15	15.0	0	1	0.2	1	0	14	3.88	ConditionsFirst	65	433	0	433	0	0	0	0
C11295598	247	5	15	3	57	67	63.6	15	15	15.0	0	0	0.0	0	1	11	4.053333333333334	ConditionsFirst	51	321	0	326	5	35	141	61.0
C11305751	248	5	15	3	58	73	65.0	15	15	15.0	0	0	0.0	0	0	14	4.013333333333334	ConditionsFirst	53	382	0	383	1	267	267	267.0
C11320592	248	5	15	3	53	78	65.0	15	15	15.0	0	0	0.0	0	0	10	4.0	ConditionsFirst	65	412	0	418	5	33	130	75.0
C11340216	254	5	15	3	60	76	64.0	15	15	15.0	0	0	0.0	0	0	14	4.08	ConditionsFirst	63	428	0	437	5	29	135	82.8
C11356971	250	5	15	3	56	77	64.2	15	15	15.0	0	0	0.0	0	0	21	4.066666666666666	ConditionsFirst	56	337	0	342	3	22	209	107.0
C11362345	245	5	15	3	62	82	67.4	15	15	15.0	0	0	0.0	0	0	20	4.226666666666667	ConditionsFirst	49	360	0	364	1	284	284	284.0
C11362705	251	5	15	3	59	67	63.0	15	15	15.0	0	0	0.0	0	0	23	4.093333333333334	ConditionsFirst	59	388	0	388	0	0	0	0
C11362706	564	5	0	7	95	154	113.8	0	0	0.0	0	3	0.6	1	0	0	0.0	ConditionsFirst	43	573	0	573	0	0	0	0
C11362707	522	5	0	8	106	173	126.4	0	0	0.0	0	1	0.4	2	0	0	0.0	ConditionsFirst	43	541	0	541	0	0	0	0
C11362708	262	5	0	4	50	90	65.4	0	0	0.0	0	2	0.4	1	0	0	0.0	ConditionsFirst	16	269	0	269	0	0	0	0
C11362709	525	5	0	7	96	168	119.6	0	0	0.0	0	1	0.4	2	0	0	0.0	ConditionsFirst	38	543	0	543	0	0	0	0
C11362710	436	5	0	7	78	131	99.4	0	0	0.0	0	1	0.4	2	0	0	0.0	ConditionsFirst	29	454	0	454	0	0	0	0
C11362711	454	5	0	7	68	119	97.4	0	0	0.0	0	1	0.4	2	0	0	0.0	ConditionsFirst	34	458	0	458	0	0	0	0
C11362712	555	5	0	7	98	160	114.0	0	0	0.0	0	2	0.6	2	0	0	0.0	ConditionsFirst	39	559	0	559	0	0	0	0
C11362713	367	5	0	6	49	96	70.2	0	0	0.0	0	2	0.4	1	0	0	0.0	ConditionsFirst	19	372	0	372	0	0	0	0
C11362714	536	5	0	9	85	142	114.2	0	0	0.0	0	1	0.4	2	0	0	0.0	ConditionsFirst	32	563	0	563	0	0	0	0
C11362715	520	5	0	7	93	137	113.0	0	0	0.0	0	1	0.4	2	0	0	0.0	ConditionsFirst	37	527	0	527	0	0	0	0
C11362716	259	5	5	4	50	74	64.6	5	5	5.0	0	0	0.0	0	6	24	11.36	ConditionsFirst	53	401	0	407	5	4	126	73.6
C11362728	272	5	5	4	45	79	67.8	5	5	5.0	0	1	0.2	1	5	21	11.04	ConditionsFirst	56	475	0	479	4	70	75	73.75
C11362729	264	5	5	4	52	73	65.8	5	5	5.0	0	1	0.2	1	5	19	10.52	ConditionsFirst	38	302	0	305	2	114	125	119.5
C11362737	306	5	5	6	52	81	71.6	5	5	5.0	0	1	0.4	2	3	20	9.72	ConditionsFirst	67	577	0	583	6	35	72	47.333333333333336
C11362741	295	5	5	5	58	86	73.8	5	5	5.0	0	1	0.2	1	5	36	12.44	ConditionsFirst	146	1029	0	1041	10	4	179	93.1
C11362752	282	5	5	5	57	93	70.0	5	5	5.0	0	1	0.2	1	5	29	11.24	ConditionsFirst	83	581	0	591	6	34	127	85.33333333333333
C11362759	282	5	5	6	57	84	72.6	5	5	5.0	0	0	0.0	0	4	30	12.0	ConditionsFirst	54	411	0	418	4	2	259	82.25
C11362766	265	5	5	4	46	84	66.2	5	5	5.0	0	0	0.0	0	5	25	11.32	ConditionsFirst	55	405	0	410	5	10	169	72.6
C11362769	264	5	5	4	56	78	65.4	5	5	5.0	0	0	0.0	0	6	26	11.76	ConditionsFirst	92	640	0	652	10	9	133	60.4
C11362770	256	5	5	4	53	89	67.6	5	5	5.0	0	2	0.4	1	7	19	10.88	ConditionsFirst	78	665	0	672	5	3	231	118.8
C11363123	258	5	10	4	53	78	65.0	10	10	10.0	0	0	0.0	0	2	16	5.84	ConditionsFirst	79	555	0	562	7	29	79	42.57142857142857
C11363207	259	5	10	4	59	68	63.2	10	10	10.0	0	0	0.0	0	0	14	5.9	ConditionsFirst	42	282	0	285	3	4	215	79.33333333333333
C11363405	254	5	10	4	51	87	68.2	10	10	10.0	0	0	0.0	0	1	15	6.14	ConditionsFirst	40	314	0	319	3	60	169	96.66666666666667
C11363513	248	5	10	4	56	70	63.2	10	10	10.0	0	0	0.0	0	2	17	5.84	ConditionsFirst	100	747	0	755	8	57	205	75.5
C11363565	259	5	10	4	51	83	65.0	10	10	10.0	0	0	0.0	0	2	18	6.08	ConditionsFirst	86	614	0	623	9	37	201	58.55555555555556
C11363769	257	5	10	4	51	75	64.6	10	10	10.0	0	1	0.2	1	1	17	5.84	ConditionsFirst	74	475	0	479	4	52	52	52.0
C11363871	279	5	10	5	52	87	68.6	10	10	10.0	0	1	0.2	1	0	20	6.18	ConditionsFirst	82	609	0	617	2	222	249	235.5
C11363881	282	5	10	5	56	95	71.2	10	10	10.0	0	0	0.0	0	2	45	6.68	ConditionsFirst	277	1864	0	1891	17	6	256	106.82352941176471
C11364045	258	5	10	4	50	80	68.6	10	10	10.0	0	1	0.2	1	0	19	5.82	ConditionsFirst	75	638	0	642	4	115	115	115.0
C11364139	255	5	10	4	57	80	67.4	10	10	10.0	0	0	0.0	0	0	15	6.24	ConditionsFirst	105	771	0	783	7	18	182	100.85714285714286
C11365604	264	5	15	4	49	79	64.0	15	15	15.0	0	0	0.0	0	0	14	4.066666666666666	ConditionsFirst	76	450	0	459	9	3	68	30.88888888888889
C11381244	255	5	15	4	54	91	64.2	15	15	15.0	0	0	0.0	0	1	19	4.04	ConditionsFirst	66	430	0	437	3	4	299	139.33333333333334
C11387360	259	5	15	4	54	86	66.2	15	15	15.0	0	0	0.0	0	1	15	4.213333333333333	ConditionsFirst	55	361	0	366	5	9	53	26.6
C11393386	286	5	15	5	58	75	68.4	15	15	15.0	0	1	0.2	1	0	21	4.293333333333333	ConditionsFirst	68	405	0	410	4	60	175	88.75
C11405359	254	5	15	4	56	80	66.4	15	15	15.0	0	0	0.0	0	0	14	4.2	ConditionsFirst	141	958	0	974	11	5	143	85.45454545454545
C11421447	263	5	15	4	61	70	64.2	15	15	15.0	0	0	0.0	0	0	15	3.96	ConditionsFirst	47	309	0	316	5	5	178	52.8
C11422335	259	5	15	4	50	77	63.2	15	15	15.0	0	0	0.0	0	0	12	4.08	ConditionsFirst	86	526	0	533	4	35	191	120.25
C11429254	256	5	15	4	57	74	65.0	15	15	15.0	0	0	0.0	0	0	15	4.066666666666666	ConditionsFirst	58	390	0	395	3	3	366	125.0
C11441074	261	5	15	4	58	75	66.4	15	15	15.0	0	0	0.0	0	0	14	4.1066666666666665	ConditionsFirst	61	408	0	415	3	107	174	129.33333333333334
C11444018	253	5	15	4	55	75	66.2	15	15	15.0	0	1	0.2	1	0	15	4.066666666666666	ConditionsFirst	88	635	0	642	6	20	167	98.0
C11444019	811	5	0	15	131	233	184.2	0	0	0.0	0	1	0.6	3	0	0	0.0	ConditionsFirst	100	821	0	821	0	0	0	0
C11444020	441	5	0	9	75	115	101.8	0	0	0.0	0	1	0.4	2	0	0	0.0	ConditionsFirst	36	458	0	458	0	0	0	0
C11444021	289	5	0	5	50	79	70.8	0	0	0.0	0	2	0.4	1	0	0	0.0	ConditionsFirst	20	304	0	304	0	0	0	0
C11444022	537	5	0	9	94	205	125.2	0	0	0.0	0	5	1.0	1	0	0	0.0	ConditionsFirst	41	539	0	539	0	0	0	0
C11444023	966	5	0	15	86	325	145.8	0	0	0.0	0	11	2.2	1	0	0	0.0	ConditionsFirst	63	1000	0	1000	0	0	0	0
C11444024	636	5	0	11	108	160	135.8	0	0	0.0	0	1	0.4	2	0	0	0.0	ConditionsFirst	66	652	0	652	0	0	0	0
C11444025	738	5	0	11	130	222	163.0	0	0	0.0	0	2	0.6	2	0	0	0.0	ConditionsFirst	65	751	0	751	0	0	0	0
C11444026	342	5	0	7	55	98	71.8	0	0	0.0	0	1	0.2	1	0	0	0.0	ConditionsFirst	22	361	0	361	0	0	0	0
C11444027	753	5	0	11	105	221	166.2	0	0	0.0	0	3	0.8	2	0	0	0.0	ConditionsFirst	52	765	0	765	0	0	0	0
C11444028	330	5	0	5	54	116	71.4	0	0	0.0	0	2	0.4	1	0	0	0.0	ConditionsFirst	18	333	0	333	0	0	0	0
C11444030	275	5	5	5	55	74	69.2	5	5	5.0	0	1	0.2	1	5	22	11.16	ConditionsFirst	57	469	0	476	6	19	109	67.66666666666667
C11444033	279	5	5	5	58	77	67.0	5	5	5.0	0	0	0.0	0	6	22	11.64	ConditionsFirst	54	367	0	372	4	43	62	48.5
C11444043	270	5	5	5	48	79	66.6	5	5	5.0	0	1	0.2	1	3	24	11.28	ConditionsFirst	76	550	0	556	5	41	204	97.2
C11444046	286	5	5	5	55	100	72.4	5	5	5.0	0	0	0.0	0	5	28	12.16	ConditionsFirst	102	787	0	805	12	2	166	60.0
C11444048	273	5	5	5	50	73	63.0	5	5	5.0	0	1	0.2	1	2	20	11.16	ConditionsFirst	171	1190	0	1208	18	9	179	59.888888888888886
C11444065	314	5	5	6	53	99	73.4	5	5	5.0	0	1	0.4	2	4	29	11.12	ConditionsFirst	111	836	0	848	10	9	160	71.2
C11444075	320	5	5	6	66	93	79.2	5	5	5.0	0	0	0.0	0	4	40	14.12	ConditionsFirst	83	537	0	542	5	45	89	62.6
C11444081	312	5	5	6	65	98	78.4	5	5	5.0	0	0	0.0	0	4	46	14.04	ConditionsFirst	53	340	0	345	3	3	237	103.0
C11444093	277	5	5	5	54	75	67.4	5	5	5.0	0	1	0.2	1	6	24	11.32	ConditionsFirst	92	632	0	639	6	34	159	82.5
C11444102	271	5	5	5	57	80	68.0	5	5	5.0	0	1	0.2	1	6	30	11.24	ConditionsFirst	101	768	0	777	6	37	326	120.0
C11444182	277	5	10	5	63	79	68.0	10	10	10.0	0	1	0.2	1	1	17	6.18	ConditionsFirst	84	541	0	552	6	20	134	83.16666666666667
C11444275	296	5	10	6	69	74	70.8	10	10	10.0	0	0	0.0	0	1	23	6.5	ConditionsFirst	92	561	0	569	8	19	113	51.75
C11444349	270	5	10	5	62	79	67.0	10	10	10.0	0	0	0.0	0	1	14	5.96	ConditionsFirst	60	438	0	446	8	4	113	50.625
C11444459	267	5	10	5	63	77	67.0	10	10	10.0	0	0	0.0	0	1	15	6.14	ConditionsFirst	62	380	0	387	5	22	148	61.6
C11444525	275	5	10	5	54	76	66.6	10	10	10.0	0	1	0.2	1	1	17	6.16	ConditionsFirst	172	1117	0	1135	16	3	191	67.5
C11444590	304	5	10	6	64	90	73.4	10	10	10.0	0	0	0.0	0	2	26	6.98	ConditionsFirst	223	1136	0	1148	3	5	540	353.0
C11444735	270	5	10	5	49	99	67.2	10	10	10.0	0	0	0.0	0	0	20	6.04	ConditionsFirst	77	522	0	532	9	20	120	55.111111111111114
C11444823	273	5	10	5	57	75	67.4	10	10	10.0	0	1	0.2	1	2	18	6.26	ConditionsFirst	297	1686	0	1710	11	18	417	145.9090909090909
C11444853	269	5	10	5	62	75	70.2	10	10	10.0	0	0	0.0	0	1	18	6.68	ConditionsFirst	110	754	0	766	7	6	258	105.42857142857143
C11444861	264	5	10	5	57	76	67.8	10	10	10.0	0	0	0.0	0	1	18	6.22	ConditionsFirst	137	980	0	988	8	6	230	110.0
C11446281	275	5	15	5	64	74	68.0	15	15	15.0	0	1	0.2	1	1	14	4.1466666666666665	ConditionsFirst	93	601	0	609	8	27	309	62.25
C11451584	270	5	15	5	50	87	67.0	15	15	15.0	0	1	0.2	1	0	19	4.1466666666666665	ConditionsFirst	174	1095	0	1116	15	10	132	67.26666666666667
C11456016	274	5	15	5	56	77	67.8	15	15	15.0	0	1	0.2	1	0	13	4.2	ConditionsFirst	168	1044	0	1061	17	13	131	54.529411764705884
C11456569	267	5	15	5	60	75	66.6	15	15	15.0	0	1	0.2	1	0	16	4.12	ConditionsFirst	97	573	0	582	8	2	139	66.125
C11456846	266	5	15	5	59	77	66.6	15	15	15.0	0	0	0.0	0	0	15	4.1866666666666665	ConditionsFirst	75	469	0	475	5	10	120	81.2
C11458034	269	5	15	5	53	81	66.4	15	15	15.0	0	0	0.0	0	1	19	4.226666666666667	ConditionsFirst	138	689	0	701	9	16	93	57.888888888888886
C11458795	273	5	15	5	51	92	67.8	15	15	15.0	0	1	0.2	1	0	14	4.1066666666666665	ConditionsFirst	254	1469	0	1473	4	192	334	227.5
C11461096	264	5	15	5	59	74	66.2	15	15	15.0	0	0	0.0	0	0	13	4.253333333333333	ConditionsFirst	87	509	0	520	8	2	172	61.5
C11464406	278	5	15	5	60	70	66.6	15	15	15.0	0	1	0.2	1	0	15	3.9466666666666668	ConditionsFirst	63	380	0	384	2	136	180	158.0
C11466317	263	5	15	5	57	76	67.2	15	15	15.0	0	0	0.0	0	0	14	4.266666666666667	ConditionsFirst	110	695	0	707	8	18	176	85.375
