id	numberOfActions	numberOfProcesses	numberOfProcedures	numberOfConditionals	minLengthOfProcesses	maxLengthOfProcesses	avgLengthOfProcesses	minNumberOfProceduresInProcesses	maxNumberOfProceduresInProcesses	avgNumberOfProceduresInProcesses	minNumberOfConditionalsInProcesses	maxNumberOfConditionalsInProcesses	avgNumberOfConditionalsInProcesses	numberOfProcessesWithConditionals	minProcedureLengthInProcesses	maxProcedureLengthInProcesses	avgProcedureLengthInProcesses	strategy	time(msec)	nodes	badLoops	mainLength	numOfProcedures	minProcedureLength	maxProcedureLength	avgProcedureLength
C1	51	6	0	0	8	17	12.666666666666666	0	0	0.0	0	0	0.0	0	0	0	0.0	UnmarkedThenSelections	1	51	0	51	0	0	0	0
C2	51	6	0	0	6	15	11.333333333333334	0	0	0.0	0	0	0.0	0	0	0	0.0	UnmarkedThenSelections	1	51	0	51	0	0	0	0
C3	51	6	0	0	10	15	12.5	0	0	0.0	0	0	0.0	0	0	0	0.0	UnmarkedThenSelections	1	51	0	51	0	0	0	0
C4	51	6	0	0	4	16	11.666666666666666	0	0	0.0	0	0	0.0	0	0	0	0.0	UnmarkedThenSelections	1	51	0	51	0	0	0	0
C5	51	6	0	0	11	16	13.166666666666666	0	0	0.0	0	0	0.0	0	0	0	0.0	UnmarkedThenSelections	1	51	0	51	0	0	0	0
C6	51	6	0	0	9	15	12.666666666666666	0	0	0.0	0	0	0.0	0	0	0	0.0	UnmarkedThenSelections	1	51	0	51	0	0	0	0
C7	51	6	0	0	7	18	12.5	0	0	0.0	0	0	0.0	0	0	0	0.0	UnmarkedThenSelections	0	51	0	51	0	0	0	0
C8	51	6	0	0	6	17	13.833333333333334	0	0	0.0	0	0	0.0	0	0	0	0.0	UnmarkedThenSelections	1	51	0	51	0	0	0	0
C9	51	6	0	0	8	18	12.166666666666666	0	0	0.0	0	0	0.0	0	0	0	0.0	UnmarkedThenSelections	1	51	0	51	0	0	0	0
C10	51	6	0	0	10	14	11.833333333333334	0	0	0.0	0	0	0.0	0	0	0	0.0	UnmarkedThenSelections	1	51	0	51	0	0	0	0
C1001	1127	6	0	62	41	189	155.66666666666666	0	0	0.0	0	3	0.6666666666666666	2	0	0	0.0	UnmarkedThenSelections	58	1100	0	1100	0	0	0	0
C1002	1883	6	0	89	41	301	126.5	0	0	0.0	0	8	1.5	2	0	0	0.0	UnmarkedThenSelections	63	1822	0	1822	0	0	0	0
C1003	1477	6	0	77	56	305	138.0	0	0	0.0	0	3	0.8333333333333334	3	0	0	0.0	UnmarkedThenSelections	55	1432	0	1432	0	0	0	0
C1004	1842	6	0	79	52	306	206.83333333333334	0	0	0.0	0	3	0.8333333333333334	2	0	0	0.0	UnmarkedThenSelections	77	1737	0	1737	0	0	0	0
C1005	850	6	0	55	27	225	113.33333333333333	0	0	0.0	0	2	0.8333333333333334	3	0	0	0.0	UnmarkedThenSelections	29	838	0	838	0	0	0	0
C1006	501	6	0	31	32	108	61.5	0	0	0.0	0	1	0.5	3	0	0	0.0	UnmarkedThenSelections	13	473	0	473	0	0	0	0
C1007	967	6	0	63	3	119	54.833333333333336	0	0	0.0	0	3	0.8333333333333334	3	0	0	0.0	UnmarkedThenSelections	22	908	0	908	0	0	0	0
C1008	1275	6	0	79	20	213	101.83333333333333	0	0	0.0	0	1	0.6666666666666666	4	0	0	0.0	UnmarkedThenSelections	41	1239	0	1239	0	0	0	0
C1009	1316	6	0	135	21	80	50.666666666666664	0	0	0.0	0	2	0.6666666666666666	3	0	0	0.0	UnmarkedThenSelections	17	1162	0	1162	0	0	0	0
C1010	1167	6	0	71	21	100	61.166666666666664	0	0	0.0	0	2	0.6666666666666666	3	0	0	0.0	UnmarkedThenSelections	25	1111	0	1111	0	0	0	0
C1011	8461	6	0	659	90	520	343.3333333333333	0	0	0.0	0	3	1.1666666666666667	4	0	0	0.0	UnmarkedThenSelections	208	8236	0	8236	0	0	0	0
C1012	50874	6	0	4679	94	1589	478.8333333333333	0	0	0.0	0	5	2.0	5	0	0	0.0	UnmarkedThenSelections	1599	47811	0	47811	0	0	0	0
C1013	5429	6	0	527	31	524	224.5	0	0	0.0	0	5	2.1666666666666665	5	0	0	0.0	UnmarkedThenSelections	166	5288	0	5288	0	0	0	0
C1014	11706	6	0	1139	92	711	414.5	0	0	0.0	0	5	1.6666666666666667	4	0	0	0.0	UnmarkedThenSelections	401	11096	0	11096	0	0	0	0
C1015	6255	6	0	529	148	973	411.6666666666667	0	0	0.0	0	2	1.1666666666666667	5	0	0	0.0	UnmarkedThenSelections	255	6105	0	6105	0	0	0	0
C1016	7337	6	0	647	34	311	163.83333333333334	0	0	0.0	0	7	1.8333333333333333	4	0	0	0.0	UnmarkedThenSelections	201	7261	0	7261	0	0	0	0
C1017	12464	6	0	1079	22	864	229.66666666666666	0	0	0.0	0	15	3.1666666666666665	5	0	0	0.0	UnmarkedThenSelections	307	12041	0	12041	0	0	0	0
C1018	9060	6	0	879	107	935	350.5	0	0	0.0	0	5	1.3333333333333333	3	0	0	0.0	UnmarkedThenSelections	260	8507	0	8507	0	0	0	0
C1019	11890	6	0	1007	47	1050	344.8333333333333	0	0	0.0	0	4	1.3333333333333333	4	0	0	0.0	UnmarkedThenSelections	327	11736	0	11736	0	0	0	0
C1020	6456	6	0	494	228	438	324.3333333333333	0	0	0.0	0	9	1.8333333333333333	3	0	0	0.0	UnmarkedThenSelections	196	6066	0	6066	0	0	0	0
C1021	110387	6	0	12239	330	1752	688.1666666666666	0	0	0.0	0	5	2.6666666666666665	5	0	0	0.0	UnmarkedThenSelections	4998	96859	0	96859	0	0	0	0
C1022	76412	6	0	9179	144	3492	1100.5	0	0	0.0	0	9	2.5	5	0	0	0.0	UnmarkedThenSelections	3958	74148	0	74148	0	0	0	0
C1023	57817	6	0	7487	196	1021	537.1666666666666	0	0	0.0	1	7	3.0	6	0	0	0.0	UnmarkedThenSelections	1813	55902	0	55902	0	0	0	0
C1024	99999	6	0	10607	72	7063	2272.5	0	0	0.0	1	5	2.0	6	0	0	0.0	UnmarkedThenSelections	7054	97171	0	97171	0	0	0	0
C1025	40683	6	0	5039	47	3640	1005.1666666666666	0	0	0.0	0	11	3.1666666666666665	5	0	0	0.0	UnmarkedThenSelections	2139	37108	0	37108	0	0	0	0
C1026	45583	6	0	5471	265	1176	474.3333333333333	0	0	0.0	0	17	3.6666666666666665	5	0	0	0.0	UnmarkedThenSelections	1486	45265	0	45265	0	0	0	0
C1027	55669	6	0	5781	655	5806	1960.5	0	0	0.0	0	6	2.0	5	0	0	0.0	UnmarkedThenSelections	3022	52741	0	52741	0	0	0	0
C1028	105213	6	0	13529	105	1851	919.1666666666666	0	0	0.0	0	4	1.8333333333333333	5	0	0	0.0	UnmarkedThenSelections	5230	93070	0	93070	0	0	0	0
C1029	124055	6	0	10367	205	4300	2009.0	0	0	0.0	0	11	3.6666666666666665	4	0	0	0.0	UnmarkedThenSelections	6711	120071	0	120071	0	0	0	0
C1030	27743	6	0	3455	79	921	451.0	0	0	0.0	0	5	2.3333333333333335	4	0	0	0.0	UnmarkedThenSelections	856	27240	0	27240	0	0	0	0
C1031	348784	6	0	59199	120	6060	1591.1666666666667	0	0	0.0	0	17	6.5	5	0	0	0.0	UnmarkedThenSelections	109348	341144	0	341144	0	0	0	0
C1032	671359	6	0	95423	500	1624	918.8333333333334	0	0	0.0	0	11	4.5	5	0	0	0.0	UnmarkedThenSelections	426035	651899	0	651899	0	0	0	0
C1033	283110	6	0	44267	393	5820	1661.0	0	0	0.0	0	29	7.0	5	0	0	0.0	UnmarkedThenSelections	37518	255626	0	255626	0	0	0	0
C1034	55987	6	0	8975	0	1945	636.5	0	0	0.0	0	23	5.5	4	0	0	0.0	UnmarkedThenSelections	2180	52372	0	52372	0	0	0	0
C1035	449895	6	0	60527	760	7392	3362.3333333333335	0	0	0.0	0	11	4.333333333333333	5	0	0	0.0	UnmarkedThenSelections	106166	417151	0	417151	0	0	0	0
C1036	275073	6	0	26111	404	4728	2177.3333333333335	0	0	0.0	0	11	4.0	4	0	0	0.0	UnmarkedThenSelections	28056	256680	0	256680	0	0	0	0
C1037	307939	6	0	32831	1017	5972	3176.5	0	0	0.0	0	8	4.166666666666667	5	0	0	0.0	UnmarkedThenSelections	34947	295795	0	295795	0	0	0	0
C1038	668952	6	0	74303	312	9219	3210.1666666666665	0	0	0.0	1	9	4.666666666666667	6	0	0	0.0	UnmarkedThenSelections	254183	662544	0	662544	0	0	0	0
C1039	232991	6	0	33791	695	3510	1875.3333333333333	0	0	0.0	0	15	3.6666666666666665	4	0	0	0.0	UnmarkedThenSelections	28229	230015	0	230015	0	0	0	0
C1040	97843	6	0	15039	213	1606	850.5	0	0	0.0	0	9	2.8333333333333335	4	0	0	0.0	UnmarkedThenSelections	5285	96216	0	96216	0	0	0	0
