id	numberOfActions	numberOfProcesses	numberOfProcedures	numberOfConditionals	minLengthOfProcesses	maxLengthOfProcesses	avgLengthOfProcesses	minNumberOfProceduresInProcesses	maxNumberOfProceduresInProcesses	avgNumberOfProceduresInProcesses	minNumberOfConditionalsInProcesses	maxNumberOfConditionalsInProcesses	avgNumberOfConditionalsInProcesses	numberOfProcessesWithConditionals	minProcedureLengthInProcesses	maxProcedureLengthInProcesses	avgProcedureLengthInProcesses	strategy	time(msec)	nodes	badLoops	mainLength	numOfProcedures	minProcedureLength	maxProcedureLength	avgProcedureLength
C1	51	6	0	0	8	17	12.666666666666666	0	0	0.0	0	0	0.0	0	0	0	0.0	ShortestFirst	2	51	0	51	0	0	0	0
C2	51	6	0	0	6	15	11.333333333333334	0	0	0.0	0	0	0.0	0	0	0	0.0	ShortestFirst	2	51	0	51	0	0	0	0
C3	51	6	0	0	10	15	12.5	0	0	0.0	0	0	0.0	0	0	0	0.0	ShortestFirst	2	51	0	51	0	0	0	0
C4	51	6	0	0	4	16	11.666666666666666	0	0	0.0	0	0	0.0	0	0	0	0.0	ShortestFirst	1	51	0	51	0	0	0	0
C5	51	6	0	0	11	16	13.166666666666666	0	0	0.0	0	0	0.0	0	0	0	0.0	ShortestFirst	2	51	0	51	0	0	0	0
C6	51	6	0	0	9	15	12.666666666666666	0	0	0.0	0	0	0.0	0	0	0	0.0	ShortestFirst	1	51	0	51	0	0	0	0
C7	51	6	0	0	7	18	12.5	0	0	0.0	0	0	0.0	0	0	0	0.0	ShortestFirst	1	51	0	51	0	0	0	0
C8	51	6	0	0	6	17	13.833333333333334	0	0	0.0	0	0	0.0	0	0	0	0.0	ShortestFirst	2	51	0	51	0	0	0	0
C9	51	6	0	0	8	18	12.166666666666666	0	0	0.0	0	0	0.0	0	0	0	0.0	ShortestFirst	1	51	0	51	0	0	0	0
C10	51	6	0	0	10	14	11.833333333333334	0	0	0.0	0	0	0.0	0	0	0	0.0	ShortestFirst	2	51	0	51	0	0	0	0
C11	101	6	0	0	16	30	24.333333333333332	0	0	0.0	0	0	0.0	0	0	0	0.0	ShortestFirst	10	101	0	101	0	0	0	0
C12	101	6	0	0	17	28	23.833333333333332	0	0	0.0	0	0	0.0	0	0	0	0.0	ShortestFirst	9	101	0	101	0	0	0	0
C13	101	6	0	0	20	30	26.0	0	0	0.0	0	0	0.0	0	0	0	0.0	ShortestFirst	11	101	0	101	0	0	0	0
C14	101	6	0	0	17	32	26.0	0	0	0.0	0	0	0.0	0	0	0	0.0	ShortestFirst	7	101	0	101	0	0	0	0
C15	101	6	0	0	20	29	24.333333333333332	0	0	0.0	0	0	0.0	0	0	0	0.0	ShortestFirst	7	101	0	101	0	0	0	0
C16	101	6	0	0	22	30	25.666666666666668	0	0	0.0	0	0	0.0	0	0	0	0.0	ShortestFirst	7	101	0	101	0	0	0	0
C17	101	6	0	0	14	32	24.5	0	0	0.0	0	0	0.0	0	0	0	0.0	ShortestFirst	7	101	0	101	0	0	0	0
C18	101	6	0	0	18	33	25.166666666666668	0	0	0.0	0	0	0.0	0	0	0	0.0	ShortestFirst	7	101	0	101	0	0	0	0
C19	101	6	0	0	20	28	25.666666666666668	0	0	0.0	0	0	0.0	0	0	0	0.0	ShortestFirst	6	101	0	101	0	0	0	0
C20	101	6	0	0	19	27	24.833333333333332	0	0	0.0	0	0	0.0	0	0	0	0.0	ShortestFirst	7	101	0	101	0	0	0	0
C21	501	15	0	0	42	68	50.06666666666667	0	0	0.0	0	0	0.0	0	0	0	0.0	ShortestFirst	343	501	0	501	0	0	0	0
C22	501	15	0	0	29	57	49.333333333333336	0	0	0.0	0	0	0.0	0	0	0	0.0	ShortestFirst	345	501	0	501	0	0	0	0
C23	501	15	0	0	34	60	50.4	0	0	0.0	0	0	0.0	0	0	0	0.0	ShortestFirst	335	501	0	501	0	0	0	0
C24	501	15	0	0	32	60	49.13333333333333	0	0	0.0	0	0	0.0	0	0	0	0.0	ShortestFirst	376	501	0	501	0	0	0	0
C25	501	15	0	0	41	64	49.733333333333334	0	0	0.0	0	0	0.0	0	0	0	0.0	ShortestFirst	367	501	0	501	0	0	0	0
C26	501	15	0	0	40	64	50.86666666666667	0	0	0.0	0	0	0.0	0	0	0	0.0	ShortestFirst	346	501	0	501	0	0	0	0
C27	501	15	0	0	33	64	50.4	0	0	0.0	0	0	0.0	0	0	0	0.0	ShortestFirst	350	501	0	501	0	0	0	0
C28	501	15	0	0	42	58	49.266666666666666	0	0	0.0	0	0	0.0	0	0	0	0.0	ShortestFirst	369	501	0	501	0	0	0	0
C29	501	15	0	0	36	61	50.733333333333334	0	0	0.0	0	0	0.0	0	0	0	0.0	ShortestFirst	353	501	0	501	0	0	0	0
C30	501	15	0	0	37	61	48.86666666666667	0	0	0.0	0	0	0.0	0	0	0	0.0	ShortestFirst	373	501	0	501	0	0	0	0
C31	501	20	0	0	27	49	37.8	0	0	0.0	0	0	0.0	0	0	0	0.0	ShortestFirst	337	501	0	501	0	0	0	0
C32	501	20	0	0	28	47	37.95	0	0	0.0	0	0	0.0	0	0	0	0.0	ShortestFirst	329	501	0	501	0	0	0	0
C33	501	20	0	0	21	48	37.15	0	0	0.0	0	0	0.0	0	0	0	0.0	ShortestFirst	325	501	0	501	0	0	0	0
C34	501	20	0	0	29	50	37.75	0	0	0.0	0	0	0.0	0	0	0	0.0	ShortestFirst	322	501	0	501	0	0	0	0
C35	501	20	0	0	28	45	37.85	0	0	0.0	0	0	0.0	0	0	0	0.0	ShortestFirst	311	501	0	501	0	0	0	0
C36	501	20	0	0	26	58	37.35	0	0	0.0	0	0	0.0	0	0	0	0.0	ShortestFirst	321	501	0	501	0	0	0	0
C37	501	20	0	0	26	45	37.8	0	0	0.0	0	0	0.0	0	0	0	0.0	ShortestFirst	342	501	0	501	0	0	0	0
C38	501	20	0	0	28	46	37.6	0	0	0.0	0	0	0.0	0	0	0	0.0	ShortestFirst	334	501	0	501	0	0	0	0
C39	501	20	0	0	28	48	37.6	0	0	0.0	0	0	0.0	0	0	0	0.0	ShortestFirst	323	501	0	501	0	0	0	0
C40	501	20	0	0	28	55	38.1	0	0	0.0	0	0	0.0	0	0	0	0.0	ShortestFirst	319	501	0	501	0	0	0	0
C41	251	6	0	0	43	76	61.333333333333336	0	0	0.0	0	0	0.0	0	0	0	0.0	ShortestFirst	337	501	0	501	0	0	0	0
C42	251	6	0	0	52	71	62.833333333333336	0	0	0.0	0	0	0.0	0	0	0	0.0	ShortestFirst	337	501	0	501	0	0	0	0
C43	251	6	0	0	52	73	64.0	0	0	0.0	0	0	0.0	0	0	0	0.0	ShortestFirst	316	501	0	501	0	0	0	0
C44	251	6	0	0	54	71	62.5	0	0	0.0	0	0	0.0	0	0	0	0.0	ShortestFirst	310	501	0	501	0	0	0	0
C45	251	6	0	0	59	67	63.333333333333336	0	0	0.0	0	0	0.0	0	0	0	0.0	ShortestFirst	320	501	0	501	0	0	0	0
C46	251	6	0	0	50	74	62.833333333333336	0	0	0.0	0	0	0.0	0	0	0	0.0	ShortestFirst	317	501	0	501	0	0	0	0
C47	251	6	0	0	54	69	61.166666666666664	0	0	0.0	0	0	0.0	0	0	0	0.0	ShortestFirst	320	501	0	501	0	0	0	0
C48	251	6	0	0	56	66	61.333333333333336	0	0	0.0	0	0	0.0	0	0	0	0.0	ShortestFirst	324	501	0	501	0	0	0	0
C49	251	6	0	0	51	80	63.166666666666664	0	0	0.0	0	0	0.0	0	0	0	0.0	ShortestFirst	319	501	0	501	0	0	0	0
C50	251	6	0	0	50	77	61.666666666666664	0	0	0.0	0	0	0.0	0	0	0	0.0	ShortestFirst	307	501	0	501	0	0	0	0
C51	301	6	0	0	51	84	73.33333333333333	0	0	0.0	0	0	0.0	0	0	0	0.0	ShortestFirst	322	501	0	501	0	0	0	0
C52	301	6	0	0	67	85	76.0	0	0	0.0	0	0	0.0	0	0	0	0.0	ShortestFirst	330	501	0	501	0	0	0	0
C53	301	6	0	0	67	84	74.16666666666667	0	0	0.0	0	0	0.0	0	0	0	0.0	ShortestFirst	329	501	0	501	0	0	0	0
C54	301	6	0	0	63	91	76.83333333333333	0	0	0.0	0	0	0.0	0	0	0	0.0	ShortestFirst	315	501	0	501	0	0	0	0
C55	301	6	0	0	63	84	74.33333333333333	0	0	0.0	0	0	0.0	0	0	0	0.0	ShortestFirst	324	501	0	501	0	0	0	0
C56	301	6	0	0	66	82	74.66666666666667	0	0	0.0	0	0	0.0	0	0	0	0.0	ShortestFirst	310	501	0	501	0	0	0	0
C57	301	6	0	0	61	85	75.16666666666667	0	0	0.0	0	0	0.0	0	0	0	0.0	ShortestFirst	339	501	0	501	0	0	0	0
C58	301	6	0	0	68	77	73.0	0	0	0.0	0	0	0.0	0	0	0	0.0	ShortestFirst	316	501	0	501	0	0	0	0
C59	301	6	0	0	67	94	75.0	0	0	0.0	0	0	0.0	0	0	0	0.0	ShortestFirst	303	501	0	501	0	0	0	0
C60	301	6	0	0	68	79	73.83333333333333	0	0	0.0	0	0	0.0	0	0	0	0.0	ShortestFirst	310	501	0	501	0	0	0	0
C61	501	35	0	0	10	36	21.62857142857143	0	0	0.0	0	0	0.0	0	0	0	0.0	ShortestFirst	164	351	0	351	0	0	0	0
C62	501	35	0	0	14	29	21.37142857142857	0	0	0.0	0	0	0.0	0	0	0	0.0	ShortestFirst	172	351	0	351	0	0	0	0
C63	501	35	0	0	12	31	21.8	0	0	0.0	0	0	0.0	0	0	0	0.0	ShortestFirst	140	351	0	351	0	0	0	0
C64	501	35	0	0	10	32	20.914285714285715	0	0	0.0	0	0	0.0	0	0	0	0.0	ShortestFirst	204	351	0	351	0	0	0	0
C65	501	35	0	0	13	29	21.457142857142856	0	0	0.0	0	0	0.0	0	0	0	0.0	ShortestFirst	178	351	0	351	0	0	0	0
C66	501	35	0	0	14	32	21.37142857142857	0	0	0.0	0	0	0.0	0	0	0	0.0	ShortestFirst	174	351	0	351	0	0	0	0
C67	501	35	0	0	15	30	21.457142857142856	0	0	0.0	0	0	0.0	0	0	0	0.0	ShortestFirst	180	351	0	351	0	0	0	0
C68	501	35	0	0	11	30	21.65714285714286	0	0	0.0	0	0	0.0	0	0	0	0.0	ShortestFirst	153	351	0	351	0	0	0	0
C69	501	35	0	0	7	30	21.17142857142857	0	0	0.0	0	0	0.0	0	0	0	0.0	ShortestFirst	190	351	0	351	0	0	0	0
C70	501	35	0	0	11	29	21.514285714285716	0	0	0.0	0	0	0.0	0	0	0	0.0	ShortestFirst	162	351	0	351	0	0	0	0
C71	501	40	0	0	10	28	18.625	0	0	0.0	0	0	0.0	0	0	0	0.0	ShortestFirst	223	401	0	401	0	0	0	0
C72	501	40	0	0	10	32	18.9	0	0	0.0	0	0	0.0	0	0	0	0.0	ShortestFirst	244	401	0	401	0	0	0	0
C73	501	40	0	0	8	30	18.975	0	0	0.0	0	0	0.0	0	0	0	0.0	ShortestFirst	212	401	0	401	0	0	0	0
C74	501	40	0	0	11	29	18.6	0	0	0.0	0	0	0.0	0	0	0	0.0	ShortestFirst	258	401	0	401	0	0	0	0
C75	501	40	0	0	11	29	18.95	0	0	0.0	0	0	0.0	0	0	0	0.0	ShortestFirst	262	401	0	401	0	0	0	0
C76	501	40	0	0	11	28	18.575	0	0	0.0	0	0	0.0	0	0	0	0.0	ShortestFirst	258	401	0	401	0	0	0	0
C77	501	40	0	0	10	29	18.575	0	0	0.0	0	0	0.0	0	0	0	0.0	ShortestFirst	203	401	0	401	0	0	0	0
C78	501	40	0	0	10	27	18.75	0	0	0.0	0	0	0.0	0	0	0	0.0	ShortestFirst	278	401	0	401	0	0	0	0
C79	501	40	0	0	12	29	18.75	0	0	0.0	0	0	0.0	0	0	0	0.0	ShortestFirst	223	401	0	401	0	0	0	0
C80	501	40	0	0	10	34	18.625	0	0	0.0	0	0	0.0	0	0	0	0.0	ShortestFirst	221	401	0	401	0	0	0	0
C81	451	6	0	0	103	134	113.16666666666667	0	0	0.0	0	0	0.0	0	0	0	0.0	ShortestFirst	341	501	0	501	0	0	0	0
C82	451	6	0	0	99	120	113.16666666666667	0	0	0.0	0	0	0.0	0	0	0	0.0	ShortestFirst	320	501	0	501	0	0	0	0
C83	451	6	0	0	99	127	114.16666666666667	0	0	0.0	0	0	0.0	0	0	0	0.0	ShortestFirst	303	501	0	501	0	0	0	0
C84	451	6	0	0	99	119	110.5	0	0	0.0	0	0	0.0	0	0	0	0.0	ShortestFirst	322	501	0	501	0	0	0	0
C85	451	6	0	0	99	125	112.83333333333333	0	0	0.0	0	0	0.0	0	0	0	0.0	ShortestFirst	320	501	0	501	0	0	0	0
C86	451	6	0	0	99	131	113.0	0	0	0.0	0	0	0.0	0	0	0	0.0	ShortestFirst	331	501	0	501	0	0	0	0
C87	451	6	0	0	101	123	110.5	0	0	0.0	0	0	0.0	0	0	0	0.0	ShortestFirst	311	501	0	501	0	0	0	0
C88	451	6	0	0	101	127	114.0	0	0	0.0	0	0	0.0	0	0	0	0.0	ShortestFirst	318	501	0	501	0	0	0	0
C89	451	6	0	0	94	121	112.0	0	0	0.0	0	0	0.0	0	0	0	0.0	ShortestFirst	327	501	0	501	0	0	0	0
C90	451	6	0	0	104	133	114.66666666666667	0	0	0.0	0	0	0.0	0	0	0	0.0	ShortestFirst	327	501	0	501	0	0	0	0
C91	501	6	0	0	117	139	124.5	0	0	0.0	0	0	0.0	0	0	0	0.0	ShortestFirst	420	501	0	501	0	0	0	0
C92	501	6	0	0	116	135	126.0	0	0	0.0	0	0	0.0	0	0	0	0.0	ShortestFirst	451	501	0	501	0	0	0	0
C93	501	6	0	0	107	135	126.16666666666667	0	0	0.0	0	0	0.0	0	0	0	0.0	ShortestFirst	458	501	0	501	0	0	0	0
C94	501	6	0	0	114	133	123.5	0	0	0.0	0	0	0.0	0	0	0	0.0	ShortestFirst	497	501	0	501	0	0	0	0
C95	501	6	0	0	98	138	123.0	0	0	0.0	0	0	0.0	0	0	0	0.0	ShortestFirst	442	501	0	501	0	0	0	0
C96	501	6	0	0	117	133	126.16666666666667	0	0	0.0	0	0	0.0	0	0	0	0.0	ShortestFirst	429	501	0	501	0	0	0	0
C97	501	6	0	0	110	139	124.16666666666667	0	0	0.0	0	0	0.0	0	0	0	0.0	ShortestFirst	435	501	0	501	0	0	0	0
C98	501	6	0	0	106	132	123.0	0	0	0.0	0	0	0.0	0	0	0	0.0	ShortestFirst	421	501	0	501	0	0	0	0
C99	501	6	0	0	115	144	126.5	0	0	0.0	0	0	0.0	0	0	0	0.0	ShortestFirst	402	501	0	501	0	0	0	0
C100	501	6	0	0	114	140	126.5	0	0	0.0	0	0	0.0	0	0	0	0.0	ShortestFirst	406	501	0	501	0	0	0	0
C101	551	6	0	0	126	160	136.83333333333334	0	0	0.0	0	0	0.0	0	0	0	0.0	ShortestFirst	322	501	0	501	0	0	0	0
C102	551	6	0	0	123	152	137.0	0	0	0.0	0	0	0.0	0	0	0	0.0	ShortestFirst	340	501	0	501	0	0	0	0
C103	551	6	0	0	119	149	134.83333333333334	0	0	0.0	0	0	0.0	0	0	0	0.0	ShortestFirst	317	501	0	501	0	0	0	0
C104	551	6	0	0	123	151	138.0	0	0	0.0	0	0	0.0	0	0	0	0.0	ShortestFirst	314	501	0	501	0	0	0	0
C105	551	6	0	0	130	152	139.0	0	0	0.0	0	0	0.0	0	0	0	0.0	ShortestFirst	325	501	0	501	0	0	0	0
C106	551	6	0	0	120	154	135.0	0	0	0.0	0	0	0.0	0	0	0	0.0	ShortestFirst	331	501	0	501	0	0	0	0
C107	551	6	0	0	127	149	140.0	0	0	0.0	0	0	0.0	0	0	0	0.0	ShortestFirst	314	501	0	501	0	0	0	0
C108	551	6	0	0	134	150	140.16666666666666	0	0	0.0	0	0	0.0	0	0	0	0.0	ShortestFirst	338	501	0	501	0	0	0	0
C109	551	6	0	0	128	150	137.83333333333334	0	0	0.0	0	0	0.0	0	0	0	0.0	ShortestFirst	333	501	0	501	0	0	0	0
C110	551	6	0	0	123	153	139.33333333333334	0	0	0.0	0	0	0.0	0	0	0	0.0	ShortestFirst	342	501	0	501	0	0	0	0
C111	501	60	0	0	5	21	12.433333333333334	0	0	0.0	0	0	0.0	0	0	0	0.0	ShortestFirst	632	601	0	601	0	0	0	0
C112	501	60	0	0	5	22	12.666666666666666	0	0	0.0	0	0	0.0	0	0	0	0.0	ShortestFirst	626	601	0	601	0	0	0	0
C113	501	60	0	0	5	23	12.45	0	0	0.0	0	0	0.0	0	0	0	0.0	ShortestFirst	723	601	0	601	0	0	0	0
C114	501	60	0	0	6	20	12.233333333333333	0	0	0.0	0	0	0.0	0	0	0	0.0	ShortestFirst	745	601	0	601	0	0	0	0
C115	501	60	0	0	7	19	12.233333333333333	0	0	0.0	0	0	0.0	0	0	0	0.0	ShortestFirst	654	601	0	601	0	0	0	0
C116	501	60	0	0	6	25	12.683333333333334	0	0	0.0	0	0	0.0	0	0	0	0.0	ShortestFirst	672	601	0	601	0	0	0	0
C117	501	60	0	0	3	22	12.416666666666666	0	0	0.0	0	0	0.0	0	0	0	0.0	ShortestFirst	739	601	0	601	0	0	0	0
C118	501	60	0	0	5	19	12.316666666666666	0	0	0.0	0	0	0.0	0	0	0	0.0	ShortestFirst	694	601	0	601	0	0	0	0
C119	501	60	0	0	5	20	12.6	0	0	0.0	0	0	0.0	0	0	0	0.0	ShortestFirst	678	601	0	601	0	0	0	0
C120	501	60	0	0	6	22	12.833333333333334	0	0	0.0	0	0	0.0	0	0	0	0.0	ShortestFirst	722	601	0	601	0	0	0	0
C121	651	6	0	0	152	186	163.16666666666666	0	0	0.0	0	0	0.0	0	0	0	0.0	ShortestFirst	678	651	0	651	0	0	0	0
C122	651	6	0	0	152	178	163.5	0	0	0.0	0	0	0.0	0	0	0	0.0	ShortestFirst	833	651	0	651	0	0	0	0
C123	651	6	0	0	143	176	159.16666666666666	0	0	0.0	0	0	0.0	0	0	0	0.0	ShortestFirst	924	651	0	651	0	0	0	0
C124	651	6	0	0	132	180	161.0	0	0	0.0	0	0	0.0	0	0	0	0.0	ShortestFirst	926	651	0	651	0	0	0	0
C125	206	5	5	0	52	74	58.2	5	5	5.0	0	0	0.0	0	3	15	9.48	ShortestFirst	925	651	0	651	0	0	0	0
C126	651	6	0	0	157	172	164.16666666666666	0	0	0.0	0	0	0.0	0	0	0	0.0	ShortestFirst	828	651	0	651	0	0	0	0
C127	651	6	0	0	153	186	166.0	0	0	0.0	0	0	0.0	0	0	0	0.0	ShortestFirst	857	651	0	651	0	0	0	0
C128	651	6	0	0	150	177	163.66666666666666	0	0	0.0	0	0	0.0	0	0	0	0.0	ShortestFirst	838	651	0	651	0	0	0	0
C129	651	6	0	0	154	174	162.66666666666666	0	0	0.0	0	0	0.0	0	0	0	0.0	ShortestFirst	897	651	0	651	0	0	0	0
C130	651	6	0	0	141	180	161.16666666666666	0	0	0.0	0	0	0.0	0	0	0	0.0	ShortestFirst	844	651	0	651	0	0	0	0
C131	501	70	0	0	6	19	10.614285714285714	0	0	0.0	0	0	0.0	0	0	0	0.0	ShortestFirst	1022	701	0	701	0	0	0	0
C132	206	5	5	0	51	72	60.6	5	5	5.0	0	0	0.0	0	4	17	10.36	ShortestFirst	985	701	0	701	0	0	0	0
C133	501	70	0	0	5	19	10.785714285714286	0	0	0.0	0	0	0.0	0	0	0	0.0	ShortestFirst	1134	701	0	701	0	0	0	0
C134	501	70	0	0	1	17	10.5	0	0	0.0	0	0	0.0	0	0	0	0.0	ShortestFirst	977	701	0	701	0	0	0	0
C135	501	70	0	0	6	18	10.771428571428572	0	0	0.0	0	0	0.0	0	0	0	0.0	ShortestFirst	1164	701	0	701	0	0	0	0
C136	501	70	0	0	5	17	10.5	0	0	0.0	0	0	0.0	0	0	0	0.0	ShortestFirst	1199	701	0	701	0	0	0	0
C137	501	70	0	0	4	17	10.6	0	0	0.0	0	0	0.0	0	0	0	0.0	ShortestFirst	1073	701	0	701	0	0	0	0
C138	501	70	0	0	6	18	10.642857142857142	0	0	0.0	0	0	0.0	0	0	0	0.0	ShortestFirst	1162	701	0	701	0	0	0	0
C139	501	70	0	0	2	18	10.842857142857143	0	0	0.0	0	0	0.0	0	0	0	0.0	ShortestFirst	1189	701	0	701	0	0	0	0
C140	501	70	0	0	3	17	10.685714285714285	0	0	0.0	0	0	0.0	0	0	0	0.0	ShortestFirst	1226	701	0	701	0	0	0	0
C141	751	6	0	0	178	212	188.0	0	0	0.0	0	0	0.0	0	0	0	0.0	ShortestFirst	1141	751	0	751	0	0	0	0
C142	751	6	0	0	163	200	189.5	0	0	0.0	0	0	0.0	0	0	0	0.0	ShortestFirst	995	751	0	751	0	0	0	0
C143	751	6	0	0	171	204	187.16666666666666	0	0	0.0	0	0	0.0	0	0	0	0.0	ShortestFirst	1322	751	0	751	0	0	0	0
C144	751	6	0	0	176	204	187.33333333333334	0	0	0.0	0	0	0.0	0	0	0	0.0	ShortestFirst	1183	751	0	751	0	0	0	0
C145	751	6	0	0	176	206	187.5	0	0	0.0	0	0	0.0	0	0	0	0.0	ShortestFirst	1186	751	0	751	0	0	0	0
C146	751	6	0	0	177	199	190.0	0	0	0.0	0	0	0.0	0	0	0	0.0	ShortestFirst	1246	751	0	751	0	0	0	0
C147	751	6	0	0	172	200	189.16666666666666	0	0	0.0	0	0	0.0	0	0	0	0.0	ShortestFirst	1157	751	0	751	0	0	0	0
C148	751	6	0	0	183	199	189.16666666666666	0	0	0.0	0	0	0.0	0	0	0	0.0	ShortestFirst	1363	751	0	751	0	0	0	0
C149	751	6	0	0	167	208	188.5	0	0	0.0	0	0	0.0	0	0	0	0.0	ShortestFirst	1250	751	0	751	0	0	0	0
C150	751	6	0	0	180	208	188.83333333333334	0	0	0.0	0	0	0.0	0	0	0	0.0	ShortestFirst	1184	751	0	751	0	0	0	0
C151	501	80	0	0	2	18	9.3125	0	0	0.0	0	0	0.0	0	0	0	0.0	ShortestFirst	1326	801	0	801	0	0	0	0
C152	501	80	0	0	3	18	9.525	0	0	0.0	0	0	0.0	0	0	0	0.0	ShortestFirst	1499	801	0	801	0	0	0	0
C153	501	80	0	0	3	16	9.2375	0	0	0.0	0	0	0.0	0	0	0	0.0	ShortestFirst	1621	801	0	801	0	0	0	0
C154	501	80	0	0	3	18	9.35	0	0	0.0	0	0	0.0	0	0	0	0.0	ShortestFirst	1498	801	0	801	0	0	0	0
C155	501	80	0	0	3	18	9.4625	0	0	0.0	0	0	0.0	0	0	0	0.0	ShortestFirst	1411	801	0	801	0	0	0	0
C156	501	80	0	0	4	19	9.575	0	0	0.0	0	0	0.0	0	0	0	0.0	ShortestFirst	1488	801	0	801	0	0	0	0
C157	501	80	0	0	3	16	9.45	0	0	0.0	0	0	0.0	0	0	0	0.0	ShortestFirst	1490	801	0	801	0	0	0	0
C158	501	80	0	0	3	16	9.575	0	0	0.0	0	0	0.0	0	0	0	0.0	ShortestFirst	1489	801	0	801	0	0	0	0
C159	501	80	0	0	4	18	9.5375	0	0	0.0	0	0	0.0	0	0	0	0.0	ShortestFirst	1472	801	0	801	0	0	0	0
C160	501	80	0	0	4	18	9.3	0	0	0.0	0	0	0.0	0	0	0	0.0	ShortestFirst	1416	801	0	801	0	0	0	0
C161	851	6	0	0	204	238	211.83333333333334	0	0	0.0	0	0	0.0	0	0	0	0.0	ShortestFirst	349	501	0	501	0	0	0	0
C162	851	6	0	0	180	235	211.66666666666666	0	0	0.0	0	0	0.0	0	0	0	0.0	ShortestFirst	353	501	0	501	0	0	0	0
C163	851	6	0	0	180	229	210.16666666666666	0	0	0.0	0	0	0.0	0	0	0	0.0	ShortestFirst	344	501	0	501	0	0	0	0
C164	851	6	0	0	190	235	209.33333333333334	0	0	0.0	0	0	0.0	0	0	0	0.0	ShortestFirst	365	501	0	501	0	0	0	0
C165	851	6	0	0	209	225	214.5	0	0	0.0	0	0	0.0	0	0	0	0.0	ShortestFirst	345	501	0	501	0	0	0	0
C166	851	6	0	0	197	223	214.0	0	0	0.0	0	0	0.0	0	0	0	0.0	ShortestFirst	357	501	0	501	0	0	0	0
C167	851	6	0	0	202	235	214.5	0	0	0.0	0	0	0.0	0	0	0	0.0	ShortestFirst	373	501	0	501	0	0	0	0
C168	851	6	0	0	197	229	213.66666666666666	0	0	0.0	0	0	0.0	0	0	0	0.0	ShortestFirst	340	501	0	501	0	0	0	0
C169	851	6	0	0	200	229	211.0	0	0	0.0	0	0	0.0	0	0	0	0.0	ShortestFirst	350	501	0	501	0	0	0	0
C170	851	6	0	0	174	231	207.16666666666666	0	0	0.0	0	0	0.0	0	0	0	0.0	ShortestFirst	376	501	0	501	0	0	0	0
C171	501	90	0	0	2	19	8.433333333333334	0	0	0.0	0	0	0.0	0	0	0	0.0	ShortestFirst	342	501	0	501	0	0	0	0
C172	501	90	0	0	2	15	8.21111111111111	0	0	0.0	0	0	0.0	0	0	0	0.0	ShortestFirst	342	501	0	501	0	0	0	0
C173	501	90	0	0	2	19	8.311111111111112	0	0	0.0	0	0	0.0	0	0	0	0.0	ShortestFirst	345	501	0	501	0	0	0	0
C174	501	90	0	0	1	19	8.11111111111111	0	0	0.0	0	0	0.0	0	0	0	0.0	ShortestFirst	364	501	0	501	0	0	0	0
C175	501	90	0	0	1	18	8.166666666666666	0	0	0.0	0	0	0.0	0	0	0	0.0	ShortestFirst	348	501	0	501	0	0	0	0
C176	501	90	0	0	3	17	8.322222222222223	0	0	0.0	0	0	0.0	0	0	0	0.0	ShortestFirst	345	501	0	501	0	0	0	0
C177	501	90	0	0	3	15	8.366666666666667	0	0	0.0	0	0	0.0	0	0	0	0.0	ShortestFirst	343	501	0	501	0	0	0	0
C178	501	90	0	0	3	15	8.433333333333334	0	0	0.0	0	0	0.0	0	0	0	0.0	ShortestFirst	339	501	0	501	0	0	0	0
C179	501	90	0	0	2	20	8.466666666666667	0	0	0.0	0	0	0.0	0	0	0	0.0	ShortestFirst	334	501	0	501	0	0	0	0
C180	501	90	0	0	2	18	8.222222222222221	0	0	0.0	0	0	0.0	0	0	0	0.0	ShortestFirst	345	501	0	501	0	0	0	0
C181	501	95	0	0	3	15	7.88421052631579	0	0	0.0	0	0	0.0	0	0	0	0.0	ShortestFirst	2219	951	0	951	0	0	0	0
C182	501	95	0	0	1	17	7.905263157894737	0	0	0.0	0	0	0.0	0	0	0	0.0	ShortestFirst	2452	951	0	951	0	0	0	0
C183	501	95	0	0	2	15	8.16842105263158	0	0	0.0	0	0	0.0	0	0	0	0.0	ShortestFirst	2163	951	0	951	0	0	0	0
C184	501	95	0	0	2	15	7.726315789473684	0	0	0.0	0	0	0.0	0	0	0	0.0	ShortestFirst	2194	951	0	951	0	0	0	0
C185	501	95	0	0	2	16	7.989473684210527	0	0	0.0	0	0	0.0	0	0	0	0.0	ShortestFirst	2476	951	0	951	0	0	0	0
C186	501	95	0	0	1	16	7.7894736842105265	0	0	0.0	0	0	0.0	0	0	0	0.0	ShortestFirst	2313	951	0	951	0	0	0	0
C187	501	95	0	0	1	17	7.978947368421053	0	0	0.0	0	0	0.0	0	0	0	0.0	ShortestFirst	2332	951	0	951	0	0	0	0
C188	501	95	0	0	3	14	7.873684210526315	0	0	0.0	0	0	0.0	0	0	0	0.0	ShortestFirst	2135	951	0	951	0	0	0	0
C189	501	95	0	0	2	18	8.031578947368422	0	0	0.0	0	0	0.0	0	0	0	0.0	ShortestFirst	2438	951	0	951	0	0	0	0
C190	501	95	0	0	3	15	8.157894736842104	0	0	0.0	0	0	0.0	0	0	0	0.0	ShortestFirst	2429	951	0	951	0	0	0	0
C191	1001	6	0	0	241	279	251.16666666666666	0	0	0.0	0	0	0.0	0	0	0	0.0	ShortestFirst	2514	1001	0	1001	0	0	0	0
C192	1001	6	0	0	227	262	247.16666666666666	0	0	0.0	0	0	0.0	0	0	0	0.0	ShortestFirst	2633	1001	0	1001	0	0	0	0
C193	1001	6	0	0	227	272	249.33333333333334	0	0	0.0	0	0	0.0	0	0	0	0.0	ShortestFirst	2570	1001	0	1001	0	0	0	0
C194	1001	6	0	0	234	264	248.33333333333334	0	0	0.0	0	0	0.0	0	0	0	0.0	ShortestFirst	2487	1001	0	1001	0	0	0	0
C195	1001	6	0	0	236	281	253.83333333333334	0	0	0.0	0	0	0.0	0	0	0	0.0	ShortestFirst	2776	1001	0	1001	0	0	0	0
C196	1001	6	0	0	228	264	250.33333333333334	0	0	0.0	0	0	0.0	0	0	0	0.0	ShortestFirst	2804	1001	0	1001	0	0	0	0
C197	1001	6	0	0	230	279	251.66666666666666	0	0	0.0	0	0	0.0	0	0	0	0.0	ShortestFirst	2747	1001	0	1001	0	0	0	0
C198	1001	6	0	0	235	264	246.16666666666666	0	0	0.0	0	0	0.0	0	0	0	0.0	ShortestFirst	2573	1001	0	1001	0	0	0	0
C199	1001	6	0	0	228	272	249.33333333333334	0	0	0.0	0	0	0.0	0	0	0	0.0	ShortestFirst	2581	1001	0	1001	0	0	0	0
C200	1001	6	0	0	222	260	246.33333333333334	0	0	0.0	0	0	0.0	0	0	0	0.0	ShortestFirst	2383	1001	0	1001	0	0	0	0
C201	1051	6	0	0	251	294	264.3333333333333	0	0	0.0	0	0	0.0	0	0	0	0.0	ShortestFirst	2658	1051	0	1051	0	0	0	0
C202	1051	6	0	0	239	281	260.0	0	0	0.0	0	0	0.0	0	0	0	0.0	ShortestFirst	2965	1051	0	1051	0	0	0	0
C203	1051	6	0	0	243	271	261.5	0	0	0.0	0	0	0.0	0	0	0	0.0	ShortestFirst	3046	1051	0	1051	0	0	0	0
C204	1051	6	0	0	256	278	265.0	0	0	0.0	0	0	0.0	0	0	0	0.0	ShortestFirst	3071	1051	0	1051	0	0	0	0
C205	1051	6	0	0	252	280	264.8333333333333	0	0	0.0	0	0	0.0	0	0	0	0.0	ShortestFirst	2871	1051	0	1051	0	0	0	0
C206	1051	6	0	0	254	270	261.5	0	0	0.0	0	0	0.0	0	0	0	0.0	ShortestFirst	3085	1051	0	1051	0	0	0	0
C207	1051	6	0	0	249	292	261.3333333333333	0	0	0.0	0	0	0.0	0	0	0	0.0	ShortestFirst	3024	1051	0	1051	0	0	0	0
C208	1051	6	0	0	227	279	256.1666666666667	0	0	0.0	0	0	0.0	0	0	0	0.0	ShortestFirst	2944	1051	0	1051	0	0	0	0
C209	1051	6	0	0	257	265	261.3333333333333	0	0	0.0	0	0	0.0	0	0	0	0.0	ShortestFirst	2994	1051	0	1051	0	0	0	0
C210	1051	6	0	0	217	279	259.3333333333333	0	0	0.0	0	0	0.0	0	0	0	0.0	ShortestFirst	3144	1051	0	1051	0	0	0	0
C211	1101	6	0	0	260	310	276.1666666666667	0	0	0.0	0	0	0.0	0	0	0	0.0	ShortestFirst	3049	1101	0	1101	0	0	0	0
C212	1101	6	0	0	255	299	273.5	0	0	0.0	0	0	0.0	0	0	0	0.0	ShortestFirst	3431	1101	0	1101	0	0	0	0
C213	1101	6	0	0	246	292	272.8333333333333	0	0	0.0	0	0	0.0	0	0	0	0.0	ShortestFirst	3639	1101	0	1101	0	0	0	0
C214	206	5	5	0	54	63	58.4	5	5	5.0	0	0	0.0	0	3	15	9.6	ShortestFirst	25	214	0	215	1	142	142	142.0
C215	1101	6	0	0	258	292	277.1666666666667	0	0	0.0	0	0	0.0	0	0	0	0.0	ShortestFirst	3243	1101	0	1101	0	0	0	0
C216	1101	6	0	0	257	291	275.3333333333333	0	0	0.0	0	0	0.0	0	0	0	0.0	ShortestFirst	3489	1101	0	1101	0	0	0	0
C217	1101	6	0	0	258	291	273.6666666666667	0	0	0.0	0	0	0.0	0	0	0	0.0	ShortestFirst	3153	1101	0	1101	0	0	0	0
C218	1101	6	0	0	234	304	271.5	0	0	0.0	0	0	0.0	0	0	0	0.0	ShortestFirst	3648	1101	0	1101	0	0	0	0
C219	1101	6	0	0	239	290	269.5	0	0	0.0	0	0	0.0	0	0	0	0.0	ShortestFirst	3360	1101	0	1101	0	0	0	0
C220	1101	6	0	0	263	287	273.8333333333333	0	0	0.0	0	0	0.0	0	0	0	0.0	ShortestFirst	3178	1101	0	1101	0	0	0	0
C221	1151	6	0	0	271	319	289.8333333333333	0	0	0.0	0	0	0.0	0	0	0	0.0	ShortestFirst	3504	1151	0	1151	0	0	0	0
C222	1151	6	0	0	254	316	284.8333333333333	0	0	0.0	0	0	0.0	0	0	0	0.0	ShortestFirst	4118	1151	0	1151	0	0	0	0
C223	1151	6	0	0	263	309	286.0	0	0	0.0	0	0	0.0	0	0	0	0.0	ShortestFirst	4003	1151	0	1151	0	0	0	0
C224	1151	6	0	0	277	298	289.1666666666667	0	0	0.0	0	0	0.0	0	0	0	0.0	ShortestFirst	4127	1151	0	1151	0	0	0	0
C225	1151	6	0	0	275	295	288.5	0	0	0.0	0	0	0.0	0	0	0	0.0	ShortestFirst	3686	1151	0	1151	0	0	0	0
C226	1151	6	0	0	257	313	288.0	0	0	0.0	0	0	0.0	0	0	0	0.0	ShortestFirst	4173	1151	0	1151	0	0	0	0
C227	1151	6	0	0	267	307	284.0	0	0	0.0	0	0	0.0	0	0	0	0.0	ShortestFirst	3619	1151	0	1151	0	0	0	0
C228	1151	6	0	0	274	307	288.5	0	0	0.0	0	0	0.0	0	0	0	0.0	ShortestFirst	3478	1151	0	1151	0	0	0	0
C229	1151	6	0	0	252	298	285.3333333333333	0	0	0.0	0	0	0.0	0	0	0	0.0	ShortestFirst	4068	1151	0	1151	0	0	0	0
C230	1151	6	0	0	277	296	286.8333333333333	0	0	0.0	0	0	0.0	0	0	0	0.0	ShortestFirst	4006	1151	0	1151	0	0	0	0
C241	1251	6	0	0	299	344	316.1666666666667	0	0	0.0	0	0	0.0	0	0	0	0.0	ShortestFirst	4445	1251	0	1251	0	0	0	0
C242	1251	6	0	0	287	330	308.6666666666667	0	0	0.0	0	0	0.0	0	0	0	0.0	ShortestFirst	5226	1251	0	1251	0	0	0	0
C243	1251	6	0	0	296	342	310.6666666666667	0	0	0.0	0	0	0.0	0	0	0	0.0	ShortestFirst	4804	1251	0	1251	0	0	0	0
C244	1251	6	0	0	301	338	317.0	0	0	0.0	0	0	0.0	0	0	0	0.0	ShortestFirst	4961	1251	0	1251	0	0	0	0
C245	1251	6	0	0	298	327	311.0	0	0	0.0	0	0	0.0	0	0	0	0.0	ShortestFirst	5005	1251	0	1251	0	0	0	0
C246	1251	6	0	0	306	335	314.0	0	0	0.0	0	0	0.0	0	0	0	0.0	ShortestFirst	4737	1251	0	1251	0	0	0	0
C247	1251	6	0	0	269	336	308.6666666666667	0	0	0.0	0	0	0.0	0	0	0	0.0	ShortestFirst	4944	1251	0	1251	0	0	0	0
C248	1251	6	0	0	279	321	309.5	0	0	0.0	0	0	0.0	0	0	0	0.0	ShortestFirst	4517	1251	0	1251	0	0	0	0
C249	1251	6	0	0	294	320	309.3333333333333	0	0	0.0	0	0	0.0	0	0	0	0.0	ShortestFirst	4705	1251	0	1251	0	0	0	0
C250	1251	6	0	0	304	322	313.8333333333333	0	0	0.0	0	0	0.0	0	0	0	0.0	ShortestFirst	4441	1251	0	1251	0	0	0	0
C251	1301	6	0	0	309	355	327.0	0	0	0.0	0	0	0.0	0	0	0	0.0	ShortestFirst	4888	1301	0	1301	0	0	0	0
C252	1301	6	0	0	296	351	320.8333333333333	0	0	0.0	0	0	0.0	0	0	0	0.0	ShortestFirst	5749	1301	0	1301	0	0	0	0
C253	1301	6	0	0	308	352	323.3333333333333	0	0	0.0	0	0	0.0	0	0	0	0.0	ShortestFirst	5258	1301	0	1301	0	0	0	0
C254	1301	6	0	0	311	356	329.0	0	0	0.0	0	0	0.0	0	0	0	0.0	ShortestFirst	5138	1301	0	1301	0	0	0	0
C255	1301	6	0	0	312	338	324.5	0	0	0.0	0	0	0.0	0	0	0	0.0	ShortestFirst	5321	1301	0	1301	0	0	0	0
C256	1301	6	0	0	307	343	322.8333333333333	0	0	0.0	0	0	0.0	0	0	0	0.0	ShortestFirst	5176	1301	0	1301	0	0	0	0
C257	1301	6	0	0	310	341	323.3333333333333	0	0	0.0	0	0	0.0	0	0	0	0.0	ShortestFirst	4949	1301	0	1301	0	0	0	0
C258	1301	6	0	0	282	342	321.5	0	0	0.0	0	0	0.0	0	0	0	0.0	ShortestFirst	5779	1301	0	1301	0	0	0	0
C259	1301	6	0	0	315	332	325.0	0	0	0.0	0	0	0.0	0	0	0	0.0	ShortestFirst	5181	1301	0	1301	0	0	0	0
C260	1301	6	0	0	299	342	321.6666666666667	0	0	0.0	0	0	0.0	0	0	0	0.0	ShortestFirst	5612	1301	0	1301	0	0	0	0
C261	1351	6	0	0	318	366	339.3333333333333	0	0	0.0	0	0	0.0	0	0	0	0.0	ShortestFirst	5420	1351	0	1351	0	0	0	0
C262	1351	6	0	0	302	369	336.1666666666667	0	0	0.0	0	0	0.0	0	0	0	0.0	ShortestFirst	6348	1351	0	1351	0	0	0	0
C263	1351	6	0	0	318	358	335.3333333333333	0	0	0.0	0	0	0.0	0	0	0	0.0	ShortestFirst	5784	1351	0	1351	0	0	0	0
C264	1351	6	0	0	325	353	340.3333333333333	0	0	0.0	0	0	0.0	0	0	0	0.0	ShortestFirst	5640	1351	0	1351	0	0	0	0
C265	1351	6	0	0	310	367	339.6666666666667	0	0	0.0	0	0	0.0	0	0	0	0.0	ShortestFirst	6351	1351	0	1351	0	0	0	0
C266	1351	6	0	0	310	365	333.6666666666667	0	0	0.0	0	0	0.0	0	0	0	0.0	ShortestFirst	5607	1351	0	1351	0	0	0	0
C267	1351	6	0	0	315	347	335.1666666666667	0	0	0.0	0	0	0.0	0	0	0	0.0	ShortestFirst	6107	1351	0	1351	0	0	0	0
C268	1351	6	0	0	315	353	332.3333333333333	0	0	0.0	0	0	0.0	0	0	0	0.0	ShortestFirst	6581	1351	0	1351	0	0	0	0
C269	1351	6	0	0	326	342	336.5	0	0	0.0	0	0	0.0	0	0	0	0.0	ShortestFirst	6002	1351	0	1351	0	0	0	0
C270	1351	6	0	0	315	349	333.0	0	0	0.0	0	0	0.0	0	0	0	0.0	ShortestFirst	5936	1351	0	1351	0	0	0	0
C271	1401	6	0	0	332	383	353.5	0	0	0.0	0	0	0.0	0	0	0	0.0	ShortestFirst	5743	1401	0	1401	0	0	0	0
C272	1401	6	0	0	325	378	350.6666666666667	0	0	0.0	0	0	0.0	0	0	0	0.0	ShortestFirst	6594	1401	0	1401	0	0	0	0
C273	1401	6	0	0	332	373	350.5	0	0	0.0	0	0	0.0	0	0	0	0.0	ShortestFirst	6532	1401	0	1401	0	0	0	0
C274	1401	6	0	0	337	365	351.6666666666667	0	0	0.0	0	0	0.0	0	0	0	0.0	ShortestFirst	6289	1401	0	1401	0	0	0	0
C275	1401	6	0	0	327	380	351.0	0	0	0.0	0	0	0.0	0	0	0	0.0	ShortestFirst	6927	1401	0	1401	0	0	0	0
C276	1401	6	0	0	314	367	343.5	0	0	0.0	0	0	0.0	0	0	0	0.0	ShortestFirst	6066	1401	0	1401	0	0	0	0
C277	1401	6	0	0	328	357	348.0	0	0	0.0	0	0	0.0	0	0	0	0.0	ShortestFirst	6054	1401	0	1401	0	0	0	0
C278	1401	6	0	0	330	363	348.3333333333333	0	0	0.0	0	0	0.0	0	0	0	0.0	ShortestFirst	6860	1401	0	1401	0	0	0	0
C279	1401	6	0	0	336	366	349.1666666666667	0	0	0.0	0	0	0.0	0	0	0	0.0	ShortestFirst	6304	1401	0	1401	0	0	0	0
C280	1401	6	0	0	325	357	345.5	0	0	0.0	0	0	0.0	0	0	0	0.0	ShortestFirst	6327	1401	0	1401	0	0	0	0
C291	1501	6	0	0	347	408	377.3333333333333	0	0	0.0	0	0	0.0	0	0	0	0.0	ShortestFirst	6194	1501	0	1501	0	0	0	0
C292	1501	6	0	0	342	399	374.0	0	0	0.0	0	0	0.0	0	0	0	0.0	ShortestFirst	8517	1501	0	1501	0	0	0	0
C293	1501	6	0	0	360	399	378.5	0	0	0.0	0	0	0.0	0	0	0	0.0	ShortestFirst	7727	1501	0	1501	0	0	0	0
C294	1501	6	0	0	366	391	376.8333333333333	0	0	0.0	0	0	0.0	0	0	0	0.0	ShortestFirst	8245	1501	0	1501	0	0	0	0
C295	1501	6	0	0	364	406	378.6666666666667	0	0	0.0	0	0	0.0	0	0	0	0.0	ShortestFirst	7863	1501	0	1501	0	0	0	0
C296	1501	6	0	0	332	408	371.5	0	0	0.0	0	0	0.0	0	0	0	0.0	ShortestFirst	7783	1501	0	1501	0	0	0	0
C297	1501	6	0	0	326	388	369.6666666666667	0	0	0.0	0	0	0.0	0	0	0	0.0	ShortestFirst	8334	1501	0	1501	0	0	0	0
C298	1501	6	0	0	370	386	376.0	0	0	0.0	0	0	0.0	0	0	0	0.0	ShortestFirst	7805	1501	0	1501	0	0	0	0
C299	1501	6	0	0	354	389	371.8333333333333	0	0	0.0	0	0	0.0	0	0	0	0.0	ShortestFirst	7696	1501	0	1501	0	0	0	0
C300	1501	6	0	0	333	419	373.8333333333333	0	0	0.0	0	0	0.0	0	0	0	0.0	ShortestFirst	7065	1501	0	1501	0	0	0	0
C301	1551	6	0	0	357	418	389.0	0	0	0.0	0	0	0.0	0	0	0	0.0	ShortestFirst	7848	1551	0	1551	0	0	0	0
C302	1551	6	0	0	359	409	385.8333333333333	0	0	0.0	0	0	0.0	0	0	0	0.0	ShortestFirst	8983	1551	0	1551	0	0	0	0
C303	1551	6	0	0	382	414	392.0	0	0	0.0	0	0	0.0	0	0	0	0.0	ShortestFirst	9327	1551	0	1551	0	0	0	0
C304	1551	6	0	0	380	400	387.1666666666667	0	0	0.0	0	0	0.0	0	0	0	0.0	ShortestFirst	9590	1551	0	1551	0	0	0	0
C305	1551	6	0	0	375	403	386.3333333333333	0	0	0.0	0	0	0.0	0	0	0	0.0	ShortestFirst	8404	1551	0	1551	0	0	0	0
C306	1551	6	0	0	367	402	385.8333333333333	0	0	0.0	0	0	0.0	0	0	0	0.0	ShortestFirst	7998	1551	0	1551	0	0	0	0
C307	1551	6	0	0	357	404	384.1666666666667	0	0	0.0	0	0	0.0	0	0	0	0.0	ShortestFirst	9920	1551	0	1551	0	0	0	0
C308	1551	6	0	0	374	404	386.8333333333333	0	0	0.0	0	0	0.0	0	0	0	0.0	ShortestFirst	8432	1551	0	1551	0	0	0	0
C309	1551	6	0	0	344	399	380.6666666666667	0	0	0.0	0	0	0.0	0	0	0	0.0	ShortestFirst	8364	1551	0	1551	0	0	0	0
C310	1551	6	0	0	371	407	386.3333333333333	0	0	0.0	0	0	0.0	0	0	0	0.0	ShortestFirst	8222	1551	0	1551	0	0	0	0
C311	1601	6	0	0	366	429	400.6666666666667	0	0	0.0	0	0	0.0	0	0	0	0.0	ShortestFirst	8501	1601	0	1601	0	0	0	0
C312	1601	6	0	0	363	422	397.6666666666667	0	0	0.0	0	0	0.0	0	0	0	0.0	ShortestFirst	11159	1601	0	1601	0	0	0	0
C313	1601	6	0	0	389	424	404.6666666666667	0	0	0.0	0	0	0.0	0	0	0	0.0	ShortestFirst	12889	1601	0	1601	0	0	0	0
C314	1601	6	0	0	383	414	401.1666666666667	0	0	0.0	0	0	0.0	0	0	0	0.0	ShortestFirst	10369	1601	0	1601	0	0	0	0
C315	1601	6	0	0	371	421	396.6666666666667	0	0	0.0	0	0	0.0	0	0	0	0.0	ShortestFirst	8853	1601	0	1601	0	0	0	0
C316	1601	6	0	0	378	416	397.3333333333333	0	0	0.0	0	0	0.0	0	0	0	0.0	ShortestFirst	8942	1601	0	1601	0	0	0	0
C317	1601	6	0	0	380	412	399.1666666666667	0	0	0.0	0	0	0.0	0	0	0	0.0	ShortestFirst	9887	1601	0	1601	0	0	0	0
C318	1601	6	0	0	379	412	397.5	0	0	0.0	0	0	0.0	0	0	0	0.0	ShortestFirst	9324	1601	0	1601	0	0	0	0
C319	1601	6	0	0	372	411	396.1666666666667	0	0	0.0	0	0	0.0	0	0	0	0.0	ShortestFirst	8640	1601	0	1601	0	0	0	0
C320	1601	6	0	0	384	431	402.3333333333333	0	0	0.0	0	0	0.0	0	0	0	0.0	ShortestFirst	9791	1601	0	1601	0	0	0	0
C321	1651	6	0	0	378	439	412.1666666666667	0	0	0.0	0	0	0.0	0	0	0	0.0	ShortestFirst	9578	1651	0	1651	0	0	0	0
C322	1651	6	0	0	373	444	411.0	0	0	0.0	0	0	0.0	0	0	0	0.0	ShortestFirst	10463	1651	0	1651	0	0	0	0
C323	1651	6	0	0	391	432	415.0	0	0	0.0	0	0	0.0	0	0	0	0.0	ShortestFirst	10619	1651	0	1651	0	0	0	0
C324	1651	6	0	0	379	433	411.5	0	0	0.0	0	0	0.0	0	0	0	0.0	ShortestFirst	10375	1651	0	1651	0	0	0	0
C325	1651	6	0	0	375	433	407.3333333333333	0	0	0.0	0	0	0.0	0	0	0	0.0	ShortestFirst	9582	1651	0	1651	0	0	0	0
C326	1651	6	0	0	393	418	410.3333333333333	0	0	0.0	0	0	0.0	0	0	0	0.0	ShortestFirst	9628	1651	0	1651	0	0	0	0
C327	1651	6	0	0	401	420	408.1666666666667	0	0	0.0	0	0	0.0	0	0	0	0.0	ShortestFirst	9094	1651	0	1651	0	0	0	0
C328	1651	6	0	0	380	439	409.0	0	0	0.0	0	0	0.0	0	0	0	0.0	ShortestFirst	10606	1651	0	1651	0	0	0	0
C329	1651	6	0	0	378	449	406.8333333333333	0	0	0.0	0	0	0.0	0	0	0	0.0	ShortestFirst	10123	1651	0	1651	0	0	0	0
C330	1651	6	0	0	386	441	413.3333333333333	0	0	0.0	0	0	0.0	0	0	0	0.0	ShortestFirst	9920	1651	0	1651	0	0	0	0
C331	1701	6	0	0	396	450	426.3333333333333	0	0	0.0	0	0	0.0	0	0	0	0.0	ShortestFirst	9901	1701	0	1701	0	0	0	0
C332	1701	6	0	0	379	456	422.8333333333333	0	0	0.0	0	0	0.0	0	0	0	0.0	ShortestFirst	11592	1701	0	1701	0	0	0	0
C333	1701	6	0	0	410	443	429.3333333333333	0	0	0.0	0	0	0.0	0	0	0	0.0	ShortestFirst	11181	1701	0	1701	0	0	0	0
C334	1701	6	0	0	404	449	426.5	0	0	0.0	0	0	0.0	0	0	0	0.0	ShortestFirst	11876	1701	0	1701	0	0	0	0
C335	1701	6	0	0	390	436	418.0	0	0	0.0	0	0	0.0	0	0	0	0.0	ShortestFirst	10282	1701	0	1701	0	0	0	0
C336	1701	6	0	0	391	447	422.8333333333333	0	0	0.0	0	0	0.0	0	0	0	0.0	ShortestFirst	11834	1701	0	1701	0	0	0	0
C337	1701	6	0	0	414	434	425.6666666666667	0	0	0.0	0	0	0.0	0	0	0	0.0	ShortestFirst	10489	1701	0	1701	0	0	0	0
C338	1701	6	0	0	409	431	421.5	0	0	0.0	0	0	0.0	0	0	0	0.0	ShortestFirst	10900	1701	0	1701	0	0	0	0
C339	206	5	5	0	53	66	61.4	5	5	5.0	0	0	0.0	0	5	16	10.04	ShortestFirst	27	204	0	205	1	124	124	124.0
C340	1701	6	0	0	366	476	423.1666666666667	0	0	0.0	0	0	0.0	0	0	0	0.0	ShortestFirst	8533	1701	0	1701	0	0	0	0
C341	1751	6	0	0	403	457	437.8333333333333	0	0	0.0	0	0	0.0	0	0	0	0.0	ShortestFirst	10640	1751	0	1751	0	0	0	0
C342	1751	6	0	0	394	468	436.5	0	0	0.0	0	0	0.0	0	0	0	0.0	ShortestFirst	12315	1751	0	1751	0	0	0	0
C343	1751	6	0	0	415	458	441.0	0	0	0.0	0	0	0.0	0	0	0	0.0	ShortestFirst	12567	1751	0	1751	0	0	0	0
C344	1751	6	0	0	406	471	438.0	0	0	0.0	0	0	0.0	0	0	0	0.0	ShortestFirst	12776	1751	0	1751	0	0	0	0
C345	1751	6	0	0	401	457	433.0	0	0	0.0	0	0	0.0	0	0	0	0.0	ShortestFirst	11425	1751	0	1751	0	0	0	0
C346	206	5	5	0	54	71	63.4	5	5	5.0	0	0	0.0	0	3	17	10.8	ShortestFirst	12617	1751	0	1751	0	0	0	0
C347	1751	6	0	0	422	461	439.0	0	0	0.0	0	0	0.0	0	0	0	0.0	ShortestFirst	11092	1751	0	1751	0	0	0	0
C348	1751	6	0	0	410	441	430.0	0	0	0.0	0	0	0.0	0	0	0	0.0	ShortestFirst	11419	1751	0	1751	0	0	0	0
C349	1751	6	0	0	425	456	437.8333333333333	0	0	0.0	0	0	0.0	0	0	0	0.0	ShortestFirst	12379	1751	0	1751	0	0	0	0
C350	1751	6	0	0	419	487	439.3333333333333	0	0	0.0	0	0	0.0	0	0	0	0.0	ShortestFirst	10671	1751	0	1751	0	0	0	0
C351	1801	6	0	0	417	475	450.6666666666667	0	0	0.0	0	0	0.0	0	0	0	0.0	ShortestFirst	13734	1801	0	1801	0	0	0	0
C352	1801	6	0	0	401	475	449.1666666666667	0	0	0.0	0	0	0.0	0	0	0	0.0	ShortestFirst	14877	1801	0	1801	0	0	0	0
C353	1801	6	0	0	435	470	453.6666666666667	0	0	0.0	0	0	0.0	0	0	0	0.0	ShortestFirst	14271	1801	0	1801	0	0	0	0
C354	1801	6	0	0	429	483	451.5	0	0	0.0	0	0	0.0	0	0	0	0.0	ShortestFirst	15213	1801	0	1801	0	0	0	0
C355	1801	6	0	0	411	482	444.0	0	0	0.0	0	0	0.0	0	0	0	0.0	ShortestFirst	12330	1801	0	1801	0	0	0	0
C356	1801	6	0	0	414	464	443.1666666666667	0	0	0.0	0	0	0.0	0	0	0	0.0	ShortestFirst	13571	1801	0	1801	0	0	0	0
C357	1801	6	0	0	435	470	448.6666666666667	0	0	0.0	0	0	0.0	0	0	0	0.0	ShortestFirst	12870	1801	0	1801	0	0	0	0
C358	1801	6	0	0	417	469	446.3333333333333	0	0	0.0	0	0	0.0	0	0	0	0.0	ShortestFirst	11924	1801	0	1801	0	0	0	0
C359	1801	6	0	0	422	487	451.3333333333333	0	0	0.0	0	0	0.0	0	0	0	0.0	ShortestFirst	13091	1801	0	1801	0	0	0	0
C360	1801	6	0	0	434	480	451.3333333333333	0	0	0.0	0	0	0.0	0	0	0	0.0	ShortestFirst	13889	1801	0	1801	0	0	0	0
C361	1851	6	0	0	427	486	462.6666666666667	0	0	0.0	0	0	0.0	0	0	0	0.0	ShortestFirst	14161	1851	0	1851	0	0	0	0
C362	1851	6	0	0	439	479	459.3333333333333	0	0	0.0	0	0	0.0	0	0	0	0.0	ShortestFirst	14457	1851	0	1851	0	0	0	0
C363	1851	6	0	0	449	485	469.0	0	0	0.0	0	0	0.0	0	0	0	0.0	ShortestFirst	13472	1851	0	1851	0	0	0	0
C364	1851	6	0	0	429	500	462.8333333333333	0	0	0.0	0	0	0.0	0	0	0	0.0	ShortestFirst	14270	1851	0	1851	0	0	0	0
C365	1851	6	0	0	430	485	458.1666666666667	0	0	0.0	0	0	0.0	0	0	0	0.0	ShortestFirst	12513	1851	0	1851	0	0	0	0
C366	1851	6	0	0	427	477	460.1666666666667	0	0	0.0	0	0	0.0	0	0	0	0.0	ShortestFirst	14649	1851	0	1851	0	0	0	0
C367	1851	6	0	0	442	481	460.5	0	0	0.0	0	0	0.0	0	0	0	0.0	ShortestFirst	13932	1851	0	1851	0	0	0	0
C368	1851	6	0	0	435	484	456.8333333333333	0	0	0.0	0	0	0.0	0	0	0	0.0	ShortestFirst	13443	1851	0	1851	0	0	0	0
C369	1851	6	0	0	427	495	461.6666666666667	0	0	0.0	0	0	0.0	0	0	0	0.0	ShortestFirst	13508	1851	0	1851	0	0	0	0
C370	1851	6	0	0	436	485	461.0	0	0	0.0	0	0	0.0	0	0	0	0.0	ShortestFirst	13047	1851	0	1851	0	0	0	0
C371	1901	6	0	0	440	499	474.0	0	0	0.0	0	0	0.0	0	0	0	0.0	ShortestFirst	14250	1901	0	1901	0	0	0	0
C372	1901	6	0	0	451	497	473.5	0	0	0.0	0	0	0.0	0	0	0	0.0	ShortestFirst	14893	1901	0	1901	0	0	0	0
C373	1901	6	0	0	460	495	478.5	0	0	0.0	0	0	0.0	0	0	0	0.0	ShortestFirst	14598	1901	0	1901	0	0	0	0
C374	1901	6	0	0	446	495	473.5	0	0	0.0	0	0	0.0	0	0	0	0.0	ShortestFirst	14821	1901	0	1901	0	0	0	0
C375	1901	6	0	0	451	490	470.0	0	0	0.0	0	0	0.0	0	0	0	0.0	ShortestFirst	14930	1901	0	1901	0	0	0	0
C376	1901	6	0	0	445	487	471.6666666666667	0	0	0.0	0	0	0.0	0	0	0	0.0	ShortestFirst	14499	1901	0	1901	0	0	0	0
C377	1901	6	0	0	454	495	471.1666666666667	0	0	0.0	0	0	0.0	0	0	0	0.0	ShortestFirst	14805	1901	0	1901	0	0	0	0
C378	1901	6	0	0	453	513	472.1666666666667	0	0	0.0	0	0	0.0	0	0	0	0.0	ShortestFirst	13150	1901	0	1901	0	0	0	0
C379	1901	6	0	0	425	537	476.0	0	0	0.0	0	0	0.0	0	0	0	0.0	ShortestFirst	10993	1901	0	1901	0	0	0	0
C380	1901	6	0	0	455	485	473.3333333333333	0	0	0.0	0	0	0.0	0	0	0	0.0	ShortestFirst	14027	1901	0	1901	0	0	0	0
C381	1951	6	0	0	448	512	486.6666666666667	0	0	0.0	0	0	0.0	0	0	0	0.0	ShortestFirst	15734	1951	0	1951	0	0	0	0
C382	1951	6	0	0	469	507	488.1666666666667	0	0	0.0	0	0	0.0	0	0	0	0.0	ShortestFirst	15945	1951	0	1951	0	0	0	0
C383	1951	6	0	0	466	507	489.8333333333333	0	0	0.0	0	0	0.0	0	0	0	0.0	ShortestFirst	15678	1951	0	1951	0	0	0	0
C384	1951	6	0	0	472	513	487.5	0	0	0.0	0	0	0.0	0	0	0	0.0	ShortestFirst	15373	1951	0	1951	0	0	0	0
C385	1951	6	0	0	473	498	483.0	0	0	0.0	0	0	0.0	0	0	0	0.0	ShortestFirst	15116	1951	0	1951	0	0	0	0
C386	1951	6	0	0	473	499	484.3333333333333	0	0	0.0	0	0	0.0	0	0	0	0.0	ShortestFirst	15340	1951	0	1951	0	0	0	0
C387	1951	6	0	0	471	492	481.5	0	0	0.0	0	0	0.0	0	0	0	0.0	ShortestFirst	16123	1951	0	1951	0	0	0	0
C388	1951	6	0	0	463	508	490.3333333333333	0	0	0.0	0	0	0.0	0	0	0	0.0	ShortestFirst	14930	1951	0	1951	0	0	0	0
C389	1951	6	0	0	470	532	487.3333333333333	0	0	0.0	0	0	0.0	0	0	0	0.0	ShortestFirst	14082	1951	0	1951	0	0	0	0
C390	1951	6	0	0	464	509	484.1666666666667	0	0	0.0	0	0	0.0	0	0	0	0.0	ShortestFirst	15838	1951	0	1951	0	0	0	0
C391	2001	6	0	0	465	519	499.1666666666667	0	0	0.0	0	0	0.0	0	0	0	0.0	ShortestFirst	17364	2001	0	2001	0	0	0	0
C392	206	5	5	0	54	71	60.8	5	5	5.0	0	0	0.0	0	4	17	10.2	ShortestFirst	16799	2001	0	2001	0	0	0	0
C393	2001	6	0	0	481	523	502.0	0	0	0.0	0	0	0.0	0	0	0	0.0	ShortestFirst	17848	2001	0	2001	0	0	0	0
C394	2001	6	0	0	479	521	497.0	0	0	0.0	0	0	0.0	0	0	0	0.0	ShortestFirst	17255	2001	0	2001	0	0	0	0
C395	2001	6	0	0	484	516	498.0	0	0	0.0	0	0	0.0	0	0	0	0.0	ShortestFirst	16318	2001	0	2001	0	0	0	0
C396	2001	6	0	0	488	510	498.8333333333333	0	0	0.0	0	0	0.0	0	0	0	0.0	ShortestFirst	17067	2001	0	2001	0	0	0	0
C397	2001	6	0	0	470	508	491.8333333333333	0	0	0.0	0	0	0.0	0	0	0	0.0	ShortestFirst	17532	2001	0	2001	0	0	0	0
C398	2001	6	0	0	473	526	499.8333333333333	0	0	0.0	0	0	0.0	0	0	0	0.0	ShortestFirst	18373	2001	0	2001	0	0	0	0
C399	2001	6	0	0	480	543	502.6666666666667	0	0	0.0	0	0	0.0	0	0	0	0.0	ShortestFirst	16946	2001	0	2001	0	0	0	0
C400	2001	6	0	0	466	523	496.1666666666667	0	0	0.0	0	0	0.0	0	0	0	0.0	ShortestFirst	18571	2001	0	2001	0	0	0	0
C401	2051	6	0	0	468	534	511.5	0	0	0.0	0	0	0.0	0	0	0	0.0	ShortestFirst	19439	2051	0	2051	0	0	0	0
C402	2051	6	0	0	488	546	511.8333333333333	0	0	0.0	0	0	0.0	0	0	0	0.0	ShortestFirst	20165	2051	0	2051	0	0	0	0
C403	2051	6	0	0	497	528	513.0	0	0	0.0	0	0	0.0	0	0	0	0.0	ShortestFirst	21261	2051	0	2051	0	0	0	0
C404	2051	6	0	0	475	536	508.3333333333333	0	0	0.0	0	0	0.0	0	0	0	0.0	ShortestFirst	19318	2051	0	2051	0	0	0	0
C405	2051	6	0	0	479	530	511.8333333333333	0	0	0.0	0	0	0.0	0	0	0	0.0	ShortestFirst	22083	2051	0	2051	0	0	0	0
C406	2051	6	0	0	502	526	513.1666666666666	0	0	0.0	0	0	0.0	0	0	0	0.0	ShortestFirst	18371	2051	0	2051	0	0	0	0
C407	2051	6	0	0	474	543	509.3333333333333	0	0	0.0	0	0	0.0	0	0	0	0.0	ShortestFirst	18927	2051	0	2051	0	0	0	0
C408	2051	6	0	0	487	541	513.1666666666666	0	0	0.0	0	0	0.0	0	0	0	0.0	ShortestFirst	19981	2051	0	2051	0	0	0	0
C409	2051	6	0	0	486	548	514.5	0	0	0.0	0	0	0.0	0	0	0	0.0	ShortestFirst	20441	2051	0	2051	0	0	0	0
C410	2051	6	0	0	476	537	509.0	0	0	0.0	0	0	0.0	0	0	0	0.0	ShortestFirst	20344	2051	0	2051	0	0	0	0
C411	2101	6	0	0	487	547	525.0	0	0	0.0	0	0	0.0	0	0	0	0.0	ShortestFirst	18832	2101	0	2101	0	0	0	0
C412	2101	6	0	0	501	550	524.8333333333334	0	0	0.0	0	0	0.0	0	0	0	0.0	ShortestFirst	20120	2101	0	2101	0	0	0	0
C413	2101	6	0	0	515	545	526.0	0	0	0.0	0	0	0.0	0	0	0	0.0	ShortestFirst	21234	2101	0	2101	0	0	0	0
C414	2101	6	0	0	472	548	520.5	0	0	0.0	0	0	0.0	0	0	0	0.0	ShortestFirst	18062	2101	0	2101	0	0	0	0
C415	2101	6	0	0	474	538	519.1666666666666	0	0	0.0	0	0	0.0	0	0	0	0.0	ShortestFirst	21411	2101	0	2101	0	0	0	0
C416	2101	6	0	0	504	550	524.5	0	0	0.0	0	0	0.0	0	0	0	0.0	ShortestFirst	19312	2101	0	2101	0	0	0	0
C417	2101	6	0	0	495	548	519.8333333333334	0	0	0.0	0	0	0.0	0	0	0	0.0	ShortestFirst	19902	2101	0	2101	0	0	0	0
C418	2101	6	0	0	484	564	523.1666666666666	0	0	0.0	0	0	0.0	0	0	0	0.0	ShortestFirst	19391	2101	0	2101	0	0	0	0
C419	2101	6	0	0	508	540	524.1666666666666	0	0	0.0	0	0	0.0	0	0	0	0.0	ShortestFirst	19656	2101	0	2101	0	0	0	0
C420	2101	6	0	0	496	537	520.0	0	0	0.0	0	0	0.0	0	0	0	0.0	ShortestFirst	20439	2101	0	2101	0	0	0	0
C463	206	5	5	0	54	68	60.8	5	5	5.0	0	0	0.0	0	2	17	9.8	ShortestFirst	21	201	0	202	1	41	41	41.0
C466	206	5	5	0	51	66	60.2	5	5	5.0	0	0	0.0	0	5	17	10.08	ShortestFirst	22	201	0	201	0	0	0	0
C474	206	5	5	0	47	69	60.2	5	5	5.0	0	0	0.0	0	5	15	10.28	ShortestFirst	22	205	0	206	1	100	100	100.0
C1001	1127	6	0	62	41	189	155.66666666666666	0	0	0.0	0	3	0.6666666666666666	2	0	0	0.0	ShortestFirst	139	1116	0	1116	0	0	0	0
C1002	1883	6	0	89	41	301	126.5	0	0	0.0	0	8	1.5	2	0	0	0.0	ShortestFirst	108	1812	0	1812	0	0	0	0
C1003	1477	6	0	77	56	305	138.0	0	0	0.0	0	3	0.8333333333333334	3	0	0	0.0	ShortestFirst	109	1284	0	1284	0	0	0	0
C1004	1842	6	0	79	52	306	206.83333333333334	0	0	0.0	0	3	0.8333333333333334	2	0	0	0.0	ShortestFirst	200	1766	0	1766	0	0	0	0
C1005	850	6	0	55	27	225	113.33333333333333	0	0	0.0	0	2	0.8333333333333334	3	0	0	0.0	ShortestFirst	81	899	0	899	0	0	0	0
C1006	501	6	0	31	32	108	61.5	0	0	0.0	0	1	0.5	3	0	0	0.0	ShortestFirst	29	471	0	471	0	0	0	0
C1007	967	6	0	63	3	119	54.833333333333336	0	0	0.0	0	3	0.8333333333333334	3	0	0	0.0	ShortestFirst	48	919	0	919	0	0	0	0
C1008	1275	6	0	79	20	213	101.83333333333333	0	0	0.0	0	1	0.6666666666666666	4	0	0	0.0	ShortestFirst	90	1295	0	1295	0	0	0	0
C1009	1316	6	0	135	21	80	50.666666666666664	0	0	0.0	0	2	0.6666666666666666	3	0	0	0.0	ShortestFirst	35	1196	0	1196	0	0	0	0
C1010	1167	6	0	71	21	100	61.166666666666664	0	0	0.0	0	2	0.6666666666666666	3	0	0	0.0	ShortestFirst	53	1102	0	1102	0	0	0	0
C1011	8461	6	0	659	90	520	343.3333333333333	0	0	0.0	0	3	1.1666666666666667	4	0	0	0.0	ShortestFirst	444	8117	0	8117	0	0	0	0
C1012	50874	6	0	4679	94	1589	478.8333333333333	0	0	0.0	0	5	2.0	5	0	0	0.0	ShortestFirst	3329	51371	0	51371	0	0	0	0
C1013	5429	6	0	527	31	524	224.5	0	0	0.0	0	5	2.1666666666666665	5	0	0	0.0	ShortestFirst	333	5360	0	5360	0	0	0	0
C1014	11706	6	0	1139	92	711	414.5	0	0	0.0	0	5	1.6666666666666667	4	0	0	0.0	ShortestFirst	885	11989	0	11989	0	0	0	0
C1015	6255	6	0	529	148	973	411.6666666666667	0	0	0.0	0	2	1.1666666666666667	5	0	0	0.0	ShortestFirst	603	6089	0	6089	0	0	0	0
C1016	7337	6	0	647	34	311	163.83333333333334	0	0	0.0	0	7	1.8333333333333333	4	0	0	0.0	ShortestFirst	442	7309	0	7309	0	0	0	0
C1017	12464	6	0	1079	22	864	229.66666666666666	0	0	0.0	0	15	3.1666666666666665	5	0	0	0.0	ShortestFirst	648	12377	0	12377	0	0	0	0
C1018	9060	6	0	879	107	935	350.5	0	0	0.0	0	5	1.3333333333333333	3	0	0	0.0	ShortestFirst	565	8442	0	8442	0	0	0	0
C1019	11890	6	0	1007	47	1050	344.8333333333333	0	0	0.0	0	4	1.3333333333333333	4	0	0	0.0	ShortestFirst	730	12250	0	12250	0	0	0	0
C1020	6456	6	0	494	228	438	324.3333333333333	0	0	0.0	0	9	1.8333333333333333	3	0	0	0.0	ShortestFirst	495	6162	0	6162	0	0	0	0
C1021	110387	6	0	12239	330	1752	688.1666666666666	0	0	0.0	0	5	2.6666666666666665	5	0	0	0.0	ShortestFirst	9339	98415	0	98415	0	0	0	0
C1022	76412	6	0	9179	144	3492	1100.5	0	0	0.0	0	9	2.5	5	0	0	0.0	ShortestFirst	7661	84779	0	84779	0	0	0	0
C1023	57817	6	0	7487	196	1021	537.1666666666666	0	0	0.0	1	7	3.0	6	0	0	0.0	ShortestFirst	3172	54793	0	54793	0	0	0	0
C1024	99999	6	0	10607	72	7063	2272.5	0	0	0.0	1	5	2.0	6	0	0	0.0	ShortestFirst	9055	98377	0	98377	0	0	0	0
C1025	40683	6	0	5039	47	3640	1005.1666666666666	0	0	0.0	0	11	3.1666666666666665	5	0	0	0.0	ShortestFirst	3989	37710	0	37710	0	0	0	0
C1026	45583	6	0	5471	265	1176	474.3333333333333	0	0	0.0	0	17	3.6666666666666665	5	0	0	0.0	ShortestFirst	2645	46862	0	46862	0	0	0	0
C1027	55669	6	0	5781	655	5806	1960.5	0	0	0.0	0	6	2.0	5	0	0	0.0	ShortestFirst	6390	51989	0	51989	0	0	0	0
C1028	105213	6	0	13529	105	1851	919.1666666666666	0	0	0.0	0	4	1.8333333333333333	5	0	0	0.0	ShortestFirst	8644	96498	0	96498	0	0	0	0
C1029	124055	6	0	10367	205	4300	2009.0	0	0	0.0	0	11	3.6666666666666665	4	0	0	0.0	ShortestFirst	15095	124441	0	124441	0	0	0	0
C1030	27743	6	0	3455	79	921	451.0	0	0	0.0	0	5	2.3333333333333335	4	0	0	0.0	ShortestFirst	1548	27498	0	27498	0	0	0	0
C1031	348784	6	0	59199	120	6060	1591.1666666666667	0	0	0.0	0	17	6.5	5	0	0	0.0	ShortestFirst	93908	341440	0	341440	0	0	0	0
C1032	671359	6	0	95423	500	1624	918.8333333333334	0	0	0.0	0	11	4.5	5	0	0	0.0	ShortestFirst	393846	668145	0	668145	0	0	0	0
C1033	283110	6	0	44267	393	5820	1661.0	0	0	0.0	0	29	7.0	5	0	0	0.0	ShortestFirst	50254	280066	0	280066	0	0	0	0
C1034	55987	6	0	8975	0	1945	636.5	0	0	0.0	0	23	5.5	4	0	0	0.0	ShortestFirst	3439	53648	0	53648	0	0	0	0
C1035	449895	6	0	60527	760	7392	3362.3333333333335	0	0	0.0	0	11	4.333333333333333	5	0	0	0.0	ShortestFirst	140915	444971	0	444971	0	0	0	0
C1036	275073	6	0	26111	404	4728	2177.3333333333335	0	0	0.0	0	11	4.0	4	0	0	0.0	ShortestFirst	35621	273318	0	273318	0	0	0	0
C1037	307939	6	0	32831	1017	5972	3176.5	0	0	0.0	0	8	4.166666666666667	5	0	0	0.0	ShortestFirst	65584	304181	0	304181	0	0	0	0
C1038	668952	6	0	74303	312	9219	3210.1666666666665	0	0	0.0	1	9	4.666666666666667	6	0	0	0.0	ShortestFirst	241043	667376	0	667376	0	0	0	0
C1039	232991	6	0	33791	695	3510	1875.3333333333333	0	0	0.0	0	15	3.6666666666666665	4	0	0	0.0	ShortestFirst	34111	236471	0	236471	0	0	0	0
C1040	97843	6	0	15039	213	1606	850.5	0	0	0.0	0	9	2.8333333333333335	4	0	0	0.0	ShortestFirst	7922	98487	0	98487	0	0	0	0
C1041	1001	5	0	0	287	320	303.2	0	0	0.0	0	0	0.0	0	0	0	0.0	ShortestFirst	2994	1001	0	1001	0	0	0	0
C1042	1001	5	0	0	278	313	295.4	0	0	0.0	0	0	0.0	0	0	0	0.0	ShortestFirst	2460	1001	0	1001	0	0	0	0
C1043	1001	5	0	0	277	324	300.6	0	0	0.0	0	0	0.0	0	0	0	0.0	ShortestFirst	2951	1001	0	1001	0	0	0	0
C1044	1001	5	0	0	287	316	302.2	0	0	0.0	0	0	0.0	0	0	0	0.0	ShortestFirst	2435	1001	0	1001	0	0	0	0
C1045	1001	5	0	0	286	311	296.8	0	0	0.0	0	0	0.0	0	0	0	0.0	ShortestFirst	2725	1001	0	1001	0	0	0	0
C1046	1001	5	0	0	282	312	299.4	0	0	0.0	0	0	0.0	0	0	0	0.0	ShortestFirst	2488	1001	0	1001	0	0	0	0
C1047	1001	5	0	0	273	331	305.0	0	0	0.0	0	0	0.0	0	0	0	0.0	ShortestFirst	2673	1001	0	1001	0	0	0	0
C1048	1001	5	0	0	293	308	301.4	0	0	0.0	0	0	0.0	0	0	0	0.0	ShortestFirst	2483	1001	0	1001	0	0	0	0
C1049	1001	5	0	0	291	314	302.4	0	0	0.0	0	0	0.0	0	0	0	0.0	ShortestFirst	2403	1001	0	1001	0	0	0	0
C1050	1001	5	0	0	293	312	301.2	0	0	0.0	0	0	0.0	0	0	0	0.0	ShortestFirst	2335	1001	0	1001	0	0	0	0
C1095	1006	5	5	0	288	323	306.0	5	5	5.0	0	0	0.0	0	38	63	51.4	ShortestFirst	747	1002	0	1003	1	660	660	660.0
C1405	1006	5	5	0	267	323	296.8	5	5	5.0	0	0	0.0	0	37	69	49.32	ShortestFirst	771	1002	0	1003	1	490	490	490.0
C1415	1006	5	5	0	286	305	294.8	5	5	5.0	0	0	0.0	0	35	64	48.92	ShortestFirst	778	1005	0	1006	1	639	639	639.0
C1546	1006	5	5	0	287	310	296.0	5	5	5.0	0	0	0.0	0	40	64	49.84	ShortestFirst	840	1001	0	1001	0	0	0	0
C1578	1006	5	5	0	285	304	299.0	5	5	5.0	0	0	0.0	0	34	60	49.56	ShortestFirst	775	1011	0	1012	1	167	167	167.0
C1673	1006	5	5	0	272	324	302.2	5	5	5.0	0	0	0.0	0	40	65	50.48	ShortestFirst	789	1008	0	1009	1	162	162	162.0
C1775	1006	5	5	0	293	315	304.8	5	5	5.0	0	0	0.0	0	36	71	50.84	ShortestFirst	763	1014	0	1015	1	185	185	185.0
C1831	1006	5	5	0	275	312	297.4	5	5	5.0	0	0	0.0	0	38	60	49.48	ShortestFirst	796	1014	0	1015	1	312	312	312.0
C1897	1006	5	5	0	278	314	298.8	5	5	5.0	0	0	0.0	0	36	67	50.08	ShortestFirst	845	1006	0	1007	1	500	500	500.0
C1946	1006	5	5	0	290	322	300.4	5	5	5.0	0	0	0.0	0	37	60	51.2	ShortestFirst	781	1009	0	1010	1	500	500	500.0
C9414	211	5	10	0	53	69	59.4	10	10	10.0	0	0	0.0	0	2	10	5.28	ShortestFirst	23	201	0	201	0	0	0	0
C10166	211	5	10	0	52	70	60.2	10	10	10.0	0	0	0.0	0	2	11	5.46	ShortestFirst	24	215	0	216	1	100	100	100.0
C11289	1011	5	10	0	290	336	302.8	10	10	10.0	0	0	0.0	0	14	42	27.52	ShortestFirst	752	1008	0	1009	1	912	912	912.0
C15150	1011	5	10	0	289	323	299.6	10	10	10.0	0	0	0.0	0	19	46	27.26	ShortestFirst	761	1007	0	1008	1	914	914	914.0
C18406	1011	5	10	0	273	331	301.2	10	10	10.0	0	0	0.0	0	17	45	27.22	ShortestFirst	749	1005	0	1006	1	431	431	431.0
C23416	1011	5	10	0	264	328	297.0	10	10	10.0	0	0	0.0	0	14	45	26.92	ShortestFirst	756	1010	0	1011	1	169	169	169.0
C23519	1011	5	10	0	288	324	300.2	10	10	10.0	0	0	0.0	0	15	37	27.26	ShortestFirst	752	1012	0	1013	1	635	635	635.0
C30747	211	5	10	0	55	71	62.0	10	10	10.0	0	0	0.0	0	2	12	5.72	ShortestFirst	23	205	0	206	1	164	164	164.0
C36411	1011	5	10	0	293	315	302.2	10	10	10.0	0	0	0.0	0	17	40	27.46	ShortestFirst	748	1011	0	1012	1	354	354	354.0
C36505	1011	5	10	0	266	317	298.0	10	10	10.0	0	0	0.0	0	17	37	27.16	ShortestFirst	778	1016	0	1017	1	726	726	726.0
C37578	211	5	10	0	52	66	61.4	10	10	10.0	0	0	0.0	0	2	12	5.6	ShortestFirst	24	205	0	206	1	40	40	40.0
C37663	1011	5	10	0	254	322	303.0	10	10	10.0	0	0	0.0	0	16	35	27.58	ShortestFirst	738	1006	0	1007	1	626	626	626.0
C38336	1011	5	10	0	300	318	307.0	10	10	10.0	0	0	0.0	0	17	39	28.16	ShortestFirst	743	1006	0	1007	1	736	736	736.0
C46767	211	5	10	0	56	63	59.6	10	10	10.0	0	0	0.0	0	2	12	5.4	ShortestFirst	25	213	0	214	1	139	139	139.0
C46786	1011	5	10	0	292	316	301.0	10	10	10.0	0	0	0.0	0	18	41	27.6	ShortestFirst	761	1010	0	1011	1	353	353	353.0
C60285	211	5	10	0	55	64	60.6	10	10	10.0	0	0	0.0	0	1	14	5.54	ShortestFirst	23	205	0	206	1	138	138	138.0
C68691	211	5	10	0	48	68	60.2	10	10	10.0	0	0	0.0	0	1	10	5.24	ShortestFirst	21	201	0	201	0	0	0	0
C69205	211	5	10	0	58	68	62.0	10	10	10.0	0	0	0.0	0	2	11	5.72	ShortestFirst	23	203	0	204	1	66	66	66.0
C78320	211	5	10	0	51	67	59.8	10	10	10.0	0	0	0.0	0	0	10	5.6	ShortestFirst	27	213	0	214	1	90	90	90.0
C90372	211	5	10	0	49	71	62.4	10	10	10.0	0	0	0.0	0	2	10	5.68	ShortestFirst	22	204	0	205	1	25	25	25.0
C913478	216	5	15	0	53	84	65.4	15	15	15.0	0	0	0.0	0	0	11	4.04	ShortestFirst	23	204	0	205	1	166	166	166.0
C1120322	1016	5	15	0	281	319	301.4	15	15	15.0	0	0	0.0	0	11	29	18.706666666666667	ShortestFirst	729	1003	0	1004	1	61	61	61.0
C1306116	1016	5	15	0	298	309	303.0	15	15	15.0	0	0	0.0	0	9	26	18.786666666666665	ShortestFirst	729	1008	0	1009	1	315	315	315.0
C1775681	1016	5	15	0	271	322	298.8	15	15	15.0	0	0	0.0	0	10	27	18.666666666666668	ShortestFirst	742	1013	0	1014	1	640	640	640.0
C1871074	1016	5	15	0	279	323	306.4	15	15	15.0	0	0	0.0	0	10	31	19.373333333333335	ShortestFirst	729	1005	0	1006	1	242	242	242.0
C2187983	216	5	15	0	58	66	60.6	15	15	15.0	0	0	0.0	0	0	8	3.7733333333333334	ShortestFirst	25	201	0	201	0	0	0	0
C2287659	1016	5	15	0	285	311	299.4	15	15	15.0	0	0	0.0	0	9	27	18.76	ShortestFirst	739	1006	0	1007	1	177	177	177.0
C2985656	1016	5	15	0	293	318	303.6	15	15	15.0	0	0	0.0	0	10	29	18.866666666666667	ShortestFirst	769	1003	0	1004	1	932	932	932.0
C3929333	1016	5	15	0	266	339	301.8	15	15	15.0	0	0	0.0	0	7	32	18.613333333333333	ShortestFirst	732	1004	0	1005	1	788	788	788.0
C4926236	216	5	15	0	51	71	62.2	15	15	15.0	0	0	0.0	0	0	7	3.8133333333333335	ShortestFirst	25	208	0	209	1	112	112	112.0
C5431962	1016	5	15	0	265	323	297.8	15	15	15.0	0	0	0.0	0	8	28	18.613333333333333	ShortestFirst	740	1007	0	1008	1	755	755	755.0
C5570293	1016	5	15	0	288	316	299.4	15	15	15.0	0	0	0.0	0	12	27	18.773333333333333	ShortestFirst	742	1002	0	1003	1	126	126	126.0
C5909739	1016	5	15	0	281	312	301.4	15	15	15.0	0	0	0.0	0	12	31	19.026666666666667	ShortestFirst	744	1009	0	1010	1	253	253	253.0
C6425197	216	5	15	0	55	66	58.8	15	15	15.0	0	0	0.0	0	0	10	3.533333333333333	ShortestFirst	25	205	0	206	1	14	14	14.0
C6852353	216	5	15	0	49	78	59.6	15	15	15.0	0	0	0.0	0	0	11	3.7066666666666666	ShortestFirst	27	209	0	210	1	177	177	177.0
C8406660	216	5	15	0	52	62	56.8	15	15	15.0	0	0	0.0	0	0	9	3.5733333333333333	ShortestFirst	30	220	0	221	1	130	130	130.0
C8540650	216	5	15	0	49	69	58.2	15	15	15.0	0	0	0.0	0	1	8	3.6533333333333333	ShortestFirst	29	205	0	206	1	55	55	55.0
C8735382	216	5	15	0	50	70	59.4	15	15	15.0	0	0	0.0	0	0	10	3.6933333333333334	ShortestFirst	27	210	0	211	1	34	34	34.0
C8882277	216	5	15	0	56	66	60.2	15	15	15.0	0	0	0.0	0	0	8	3.72	ShortestFirst	27	216	0	217	1	127	127	127.0
C9712244	216	5	15	0	43	73	58.8	15	15	15.0	0	0	0.0	0	0	9	3.64	ShortestFirst	27	203	0	204	1	45	45	45.0
C9712245	269	5	0	1	53	84	65.0	0	0	0.0	0	1	0.2	1	0	0	0.0	ShortestFirst	61	268	0	268	0	0	0	0
C9712246	222	5	0	1	52	70	63.4	0	0	0.0	0	1	0.2	1	0	0	0.0	ShortestFirst	35	225	0	225	0	0	0	0
C9712247	262	5	0	1	58	91	66.0	0	0	0.0	0	1	0.2	1	0	0	0.0	ShortestFirst	44	262	0	262	0	0	0	0
C9712248	252	5	0	1	48	73	63.4	0	0	0.0	0	1	0.2	1	0	0	0.0	ShortestFirst	42	251	0	251	0	0	0	0
C9712249	223	5	0	1	55	64	59.2	0	0	0.0	0	1	0.2	1	0	0	0.0	ShortestFirst	47	219	0	219	0	0	0	0
C9712250	275	5	0	1	52	108	66.2	0	0	0.0	0	1	0.2	1	0	0	0.0	ShortestFirst	47	272	0	272	0	0	0	0
C9712251	223	5	0	1	53	68	60.8	0	0	0.0	0	1	0.2	1	0	0	0.0	ShortestFirst	42	222	0	222	0	0	0	0
C9712252	237	5	0	1	52	80	62.4	0	0	0.0	0	1	0.2	1	0	0	0.0	ShortestFirst	41	237	0	237	0	0	0	0
C9712253	214	5	0	1	51	73	61.6	0	0	0.0	0	1	0.2	1	0	0	0.0	ShortestFirst	46	214	0	214	0	0	0	0
C9712254	249	5	0	1	59	75	66.4	0	0	0.0	0	1	0.2	1	0	0	0.0	ShortestFirst	38	248	0	248	0	0	0	0
C9712300	219	5	5	1	57	69	63.6	5	5	5.0	0	0	0.0	0	4	23	10.8	ShortestFirst	27	226	0	228	1	150	150	150.0
C9712320	223	5	5	1	53	70	61.6	5	5	5.0	0	0	0.0	0	6	25	10.52	ShortestFirst	26	215	0	215	0	0	0	0
C9712379	225	5	5	1	56	71	59.8	5	5	5.0	0	0	0.0	0	6	17	9.84	ShortestFirst	28	232	0	234	2	57	131	94.0
C9712419	217	5	5	1	55	66	60.8	5	5	5.0	0	1	0.2	1	5	14	10.2	ShortestFirst	37	318	0	320	2	34	34	34.0
C9712495	218	5	5	1	57	67	61.8	5	5	5.0	0	0	0.0	0	5	21	11.12	ShortestFirst	29	225	0	226	1	156	156	156.0
C9712559	224	5	5	1	43	72	59.0	5	5	5.0	0	0	0.0	0	5	21	9.6	ShortestFirst	30	231	0	233	2	88	93	90.5
C9712572	227	5	5	1	56	70	62.8	5	5	5.0	0	1	0.2	1	6	15	9.68	ShortestFirst	24	220	0	220	0	0	0	0
C9712652	216	5	5	1	52	69	61.2	5	5	5.0	0	0	0.0	0	5	16	9.76	ShortestFirst	28	239	0	241	2	21	147	84.0
C9712689	228	5	5	1	56	71	60.6	5	5	5.0	0	1	0.2	1	5	15	9.52	ShortestFirst	39	346	0	348	2	101	101	101.0
C9712695	217	5	5	1	53	65	60.0	5	5	5.0	0	0	0.0	0	4	17	10.44	ShortestFirst	30	240	0	242	2	55	69	62.0
C9715112	223	5	10	1	54	77	64.6	10	10	10.0	0	0	0.0	0	1	14	5.84	ShortestFirst	40	287	0	289	2	58	58	58.0
C9717732	222	5	10	1	54	68	61.2	10	10	10.0	0	1	0.2	1	1	11	5.32	ShortestFirst	26	225	0	227	2	53	76	64.5
C9717866	221	5	10	1	48	73	60.2	10	10	10.0	0	0	0.0	0	1	19	5.48	ShortestFirst	29	218	0	220	2	26	170	98.0
C9723690	221	5	10	1	52	83	60.6	10	10	10.0	0	1	0.2	1	1	12	5.6	ShortestFirst	42	341	0	343	2	71	71	71.0
C9729774	220	5	10	1	51	70	60.8	10	10	10.0	0	0	0.0	0	1	12	5.42	ShortestFirst	27	218	0	220	2	36	61	48.5
C9730200	221	5	10	1	55	68	62.0	10	10	10.0	0	0	0.0	0	1	15	5.78	ShortestFirst	43	345	0	347	2	55	55	55.0
C9731008	224	5	10	1	52	73	60.6	10	10	10.0	0	0	0.0	0	0	12	5.44	ShortestFirst	40	284	0	286	1	241	241	241.0
C9732269	220	5	10	1	50	83	61.0	10	10	10.0	0	0	0.0	0	1	15	5.58	ShortestFirst	35	255	0	257	2	17	17	17.0
C9732364	224	5	10	1	52	68	59.2	10	10	10.0	0	0	0.0	0	1	15	5.32	ShortestFirst	42	305	0	307	2	59	59	59.0
C9733445	220	5	10	1	53	68	61.8	10	10	10.0	0	0	0.0	0	1	13	5.7	ShortestFirst	30	246	0	248	1	192	192	192.0
C9926755	227	5	15	1	50	64	58.8	15	15	15.0	0	0	0.0	0	1	12	3.7333333333333334	ShortestFirst	32	221	0	223	2	20	187	103.5
C9929279	226	5	15	1	53	69	60.8	15	15	15.0	0	0	0.0	0	0	12	3.9066666666666667	ShortestFirst	32	227	0	229	2	25	70	47.5
C10149177	226	5	15	1	56	72	60.0	15	15	15.0	0	0	0.0	0	1	13	3.9066666666666667	ShortestFirst	31	220	0	222	2	62	143	102.5
C10158257	228	5	15	1	55	67	59.6	15	15	15.0	0	0	0.0	0	0	14	3.76	ShortestFirst	32	222	0	224	2	20	138	79.0
C10446746	228	5	15	1	43	72	61.2	15	15	15.0	0	0	0.0	0	0	14	3.92	ShortestFirst	37	241	0	243	2	16	151	83.5
C10598570	229	5	15	1	52	68	61.6	15	15	15.0	0	0	0.0	0	0	9	3.933333333333333	ShortestFirst	32	236	0	238	2	48	159	103.5
C10645096	227	5	15	1	55	80	63.0	15	15	15.0	0	0	0.0	0	0	14	4.0	ShortestFirst	34	254	0	256	1	221	221	221.0
C10713607	227	5	15	1	51	71	62.6	15	15	15.0	0	0	0.0	0	1	13	3.986666666666667	ShortestFirst	31	224	0	226	2	51	103	77.0
C10741204	226	5	15	1	50	74	61.0	15	15	15.0	0	0	0.0	0	0	13	3.8933333333333335	ShortestFirst	56	320	0	322	2	96	96	96.0
C10862038	227	5	15	1	59	67	63.2	15	15	15.0	0	0	0.0	0	0	12	3.933333333333333	ShortestFirst	31	227	0	229	2	47	110	78.5
C10862039	292	5	0	2	52	98	65.2	0	0	0.0	0	2	0.4	1	0	0	0.0	ShortestFirst	50	286	0	286	0	0	0	0
C10862040	437	5	0	3	94	134	110.6	0	0	0.0	0	3	0.6	1	0	0	0.0	ShortestFirst	99	440	0	440	0	0	0	0
C10862041	286	5	0	2	56	74	65.6	0	0	0.0	0	1	0.2	1	0	0	0.0	ShortestFirst	55	286	0	286	0	0	0	0
C10862042	410	5	0	3	49	129	75.2	0	0	0.0	0	1	0.4	2	0	0	0.0	ShortestFirst	64	409	0	409	0	0	0	0
C10862043	358	5	0	3	72	107	88.0	0	0	0.0	0	1	0.4	2	0	0	0.0	ShortestFirst	73	354	0	354	0	0	0	0
C10862044	267	5	0	2	44	91	64.4	0	0	0.0	0	2	0.4	1	0	0	0.0	ShortestFirst	47	275	0	275	0	0	0	0
C10862045	261	5	0	2	55	86	64.0	0	0	0.0	0	2	0.4	1	0	0	0.0	ShortestFirst	53	256	0	256	0	0	0	0
C10862046	285	5	0	2	49	88	67.0	0	0	0.0	0	1	0.2	1	0	0	0.0	ShortestFirst	42	288	0	288	0	0	0	0
C10862047	269	5	0	2	48	82	64.4	0	0	0.0	0	1	0.2	1	0	0	0.0	ShortestFirst	41	264	0	264	0	0	0	0
C10862048	270	5	0	2	56	72	64.0	0	0	0.0	0	1	0.2	1	0	0	0.0	ShortestFirst	49	267	0	267	0	0	0	0
C10862051	235	5	5	2	59	72	65.8	5	5	5.0	0	0	0.0	0	6	19	11.12	ShortestFirst	42	334	0	337	2	102	117	109.5
C10862073	233	5	5	2	55	70	64.0	5	5	5.0	0	1	0.2	1	5	19	10.72	ShortestFirst	37	304	0	307	3	30	30	30.0
C10862075	230	5	5	2	54	71	60.8	5	5	5.0	0	0	0.0	0	4	21	10.36	ShortestFirst	43	326	0	328	2	69	69	69.0
C10862087	236	5	5	2	56	72	61.6	5	5	5.0	0	0	0.0	0	5	21	9.88	ShortestFirst	34	271	0	273	2	33	33	33.0
C10862100	233	5	5	2	54	70	61.4	5	5	5.0	0	1	0.2	1	5	21	10.16	ShortestFirst	49	412	0	416	4	73	78	75.5
C10862137	230	5	5	2	55	75	63.8	5	5	5.0	0	0	0.0	0	6	17	10.72	ShortestFirst	30	245	0	248	3	30	41	35.0
C10862201	239	5	5	2	55	73	62.6	5	5	5.0	0	1	0.2	1	3	21	9.8	ShortestFirst	31	269	0	271	2	34	34	34.0
C10862209	239	5	5	2	51	87	62.0	5	5	5.0	0	1	0.2	1	5	19	10.16	ShortestFirst	53	442	0	446	4	36	158	97.0
C10862223	231	5	5	2	55	76	64.8	5	5	5.0	0	1	0.2	1	4	18	10.6	ShortestFirst	33	288	0	289	1	105	105	105.0
C10862240	234	5	5	2	57	70	64.4	5	5	5.0	0	1	0.2	1	6	14	10.04	ShortestFirst	33	303	0	306	3	68	73	69.66666666666667
C10862919	240	5	10	2	56	77	66.2	10	10	10.0	0	0	0.0	0	1	15	5.98	ShortestFirst	29	246	0	247	1	153	153	153.0
C10863242	231	5	10	2	55	72	63.4	10	10	10.0	0	0	0.0	0	1	15	5.94	ShortestFirst	29	225	0	228	3	2	70	30.666666666666668
C10864483	235	5	10	2	51	79	63.4	10	10	10.0	0	1	0.2	1	2	21	5.78	ShortestFirst	56	452	0	455	3	98	98	98.0
C10865145	236	5	10	2	50	88	63.0	10	10	10.0	0	1	0.2	1	1	14	5.6	ShortestFirst	100	794	0	802	8	5	148	76.5
C10865432	236	5	10	2	58	69	63.2	10	10	10.0	0	0	0.0	0	1	14	6.06	ShortestFirst	35	258	0	261	3	40	95	64.66666666666667
C10867937	241	5	10	2	58	70	63.4	10	10	10.0	0	0	0.0	0	0	17	5.96	ShortestFirst	44	320	0	324	4	22	161	71.25
C10868000	235	5	10	2	55	68	61.6	10	10	10.0	0	0	0.0	0	1	14	5.76	ShortestFirst	35	259	0	262	3	10	169	74.66666666666667
C10868284	240	5	10	2	52	85	62.8	10	10	10.0	0	0	0.0	0	2	17	5.76	ShortestFirst	31	235	0	238	2	4	199	101.5
C10868355	233	5	10	2	50	79	61.8	10	10	10.0	0	0	0.0	0	1	16	5.76	ShortestFirst	29	226	0	228	2	20	35	27.5
C10868488	238	5	10	2	56	76	62.8	10	10	10.0	0	0	0.0	0	1	17	5.72	ShortestFirst	31	236	0	238	2	27	183	105.0
C10874140	236	5	15	2	57	71	65.8	15	15	15.0	0	0	0.0	0	0	12	4.173333333333333	ShortestFirst	34	253	0	255	2	77	151	114.0
C10886504	236	5	15	2	54	71	63.2	15	15	15.0	0	0	0.0	0	0	14	3.986666666666667	ShortestFirst	60	428	0	436	5	27	112	69.8
C10936388	239	5	15	2	50	75	62.2	15	15	15.0	0	0	0.0	0	0	18	3.84	ShortestFirst	33	236	0	239	3	39	105	73.0
C10986112	238	5	15	2	52	70	62.0	15	15	15.0	0	0	0.0	0	1	10	3.973333333333333	ShortestFirst	57	379	0	382	3	33	33	33.0
C11026434	243	5	15	2	57	78	66.4	15	15	15.0	0	0	0.0	0	0	18	4.12	ShortestFirst	37	264	0	268	3	54	114	74.33333333333333
C11121540	237	5	15	2	51	77	63.4	15	15	15.0	0	0	0.0	0	0	18	4.066666666666666	ShortestFirst	40	283	0	285	2	38	38	38.0
C11172949	234	5	15	2	55	75	63.2	15	15	15.0	0	0	0.0	0	0	9	3.933333333333333	ShortestFirst	35	255	0	258	3	18	130	76.66666666666667
C11176540	241	5	15	2	48	73	62.8	15	15	15.0	0	0	0.0	0	0	18	4.04	ShortestFirst	39	246	0	249	3	7	129	66.33333333333333
C11194297	235	5	15	2	58	73	64.2	15	15	15.0	0	1	0.2	1	0	16	3.986666666666667	ShortestFirst	36	270	0	273	3	10	30	23.333333333333332
C11235793	238	5	15	2	50	71	62.6	15	15	15.0	0	0	0.0	0	1	12	3.986666666666667	ShortestFirst	40	273	0	277	3	24	159	76.33333333333333
C11235794	342	5	0	4	53	112	72.6	0	0	0.0	0	2	0.4	1	0	0	0.0	ShortestFirst	76	332	0	332	0	0	0	0
C11235795	360	5	0	5	74	109	88.0	0	0	0.0	0	1	0.4	2	0	0	0.0	ShortestFirst	84	348	0	348	0	0	0	0
C11235796	454	5	0	5	81	158	110.4	0	0	0.0	0	5	1.0	1	0	0	0.0	ShortestFirst	88	452	0	452	0	0	0	0
C11235797	443	5	0	5	80	152	111.0	0	0	0.0	0	3	0.6	1	0	0	0.0	ShortestFirst	97	440	0	440	0	0	0	0
C11235798	294	5	0	3	51	94	69.6	0	0	0.0	0	1	0.2	1	0	0	0.0	ShortestFirst	44	290	0	290	0	0	0	0
C11235799	413	5	0	5	68	112	94.8	0	0	0.0	0	1	0.4	2	0	0	0.0	ShortestFirst	90	411	0	411	0	0	0	0
C11235800	292	5	0	3	54	88	65.8	0	0	0.0	0	2	0.4	1	0	0	0.0	ShortestFirst	48	288	0	288	0	0	0	0
C11235801	293	5	0	3	45	85	64.0	0	0	0.0	0	2	0.4	1	0	0	0.0	ShortestFirst	61	291	0	291	0	0	0	0
C11235802	298	5	0	3	57	102	71.6	0	0	0.0	0	3	0.6	1	0	0	0.0	ShortestFirst	46	289	0	289	0	0	0	0
C11235803	437	5	0	5	72	131	98.4	0	0	0.0	0	1	0.4	2	0	0	0.0	ShortestFirst	79	427	0	427	0	0	0	0
C11235813	246	5	5	3	52	78	67.6	5	5	5.0	0	1	0.2	1	3	19	10.92	ShortestFirst	63	530	0	535	5	39	182	67.6
C11235831	250	5	5	3	62	64	63.2	5	5	5.0	0	0	0.0	0	5	19	10.32	ShortestFirst	49	366	0	367	1	118	118	118.0
C11235834	252	5	5	3	58	70	63.6	5	5	5.0	0	1	0.2	1	3	22	10.48	ShortestFirst	45	356	0	360	4	53	88	73.75
C11235847	248	5	5	3	56	81	65.0	5	5	5.0	0	1	0.2	1	6	18	11.24	ShortestFirst	32	241	0	243	2	3	80	41.5
C11235882	281	5	5	4	58	107	73.4	5	5	5.0	0	0	0.0	0	6	51	12.68	ShortestFirst	59	408	0	410	1	373	373	373.0
C11235889	267	5	5	3	50	86	64.2	5	5	5.0	0	0	0.0	0	5	25	10.88	ShortestFirst	71	512	0	520	8	12	142	57.5
C11235897	238	5	5	3	47	79	62.4	5	5	5.0	0	1	0.2	1	4	17	10.48	ShortestFirst	37	282	0	283	1	227	227	227.0
C11235899	292	5	5	4	51	86	72.8	5	5	5.0	0	0	0.0	0	6	41	12.56	ShortestFirst	81	536	0	544	3	15	223	129.33333333333334
C11235901	254	5	5	3	57	69	62.2	5	5	5.0	0	1	0.2	1	6	23	10.24	ShortestFirst	97	676	0	688	8	48	75	61.5
C11235902	270	5	5	4	56	87	68.2	5	5	5.0	0	1	0.2	1	5	30	11.96	ShortestFirst	73	485	0	490	4	72	179	98.75
C11236089	249	5	10	3	53	76	61.6	10	10	10.0	0	0	0.0	0	1	16	5.82	ShortestFirst	42	283	0	287	3	36	175	82.33333333333333
C11236113	248	5	10	3	57	75	64.8	10	10	10.0	0	1	0.2	1	2	16	5.92	ShortestFirst	43	334	0	338	4	24	85	56.75
C11236204	247	5	10	3	56	81	63.2	10	10	10.0	0	0	0.0	0	1	15	5.8	ShortestFirst	51	355	0	360	3	39	232	109.66666666666667
C11236370	251	5	10	3	53	76	63.0	10	10	10.0	0	0	0.0	0	2	21	5.78	ShortestFirst	35	247	0	251	3	2	156	71.66666666666667
C11236527	249	5	10	3	56	72	64.0	10	10	10.0	0	0	0.0	0	1	16	5.96	ShortestFirst	43	313	0	318	3	15	201	83.33333333333333
C11236686	250	5	10	3	49	78	64.8	10	10	10.0	0	0	0.0	0	0	18	5.98	ShortestFirst	45	314	0	318	4	22	79	52.75
C11237945	249	5	10	3	52	72	65.4	10	10	10.0	0	0	0.0	0	0	18	5.96	ShortestFirst	34	250	0	254	4	46	69	56.5
C11238478	265	5	10	4	58	82	67.0	10	10	10.0	0	1	0.2	1	2	22	6.22	ShortestFirst	68	465	0	473	8	21	25	23.0
C11238511	246	5	10	3	52	73	62.0	10	10	10.0	0	0	0.0	0	1	15	5.58	ShortestFirst	84	579	0	585	6	4	147	75.5
C11238725	248	5	10	3	53	74	64.0	10	10	10.0	0	0	0.0	0	0	15	5.5	ShortestFirst	65	485	0	491	6	3	160	68.0
C11269707	249	5	15	3	53	87	64.6	15	15	15.0	0	0	0.0	0	0	12	4.12	ShortestFirst	42	282	0	287	3	26	114	77.33333333333333
C11270808	250	5	15	3	56	74	64.8	15	15	15.0	0	1	0.2	1	0	12	4.04	ShortestFirst	94	666	0	675	7	28	150	84.71428571428571
C11295162	244	5	15	3	56	66	62.0	15	15	15.0	0	1	0.2	1	0	14	3.88	ShortestFirst	65	427	0	427	0	0	0	0
C11295598	247	5	15	3	57	67	63.6	15	15	15.0	0	0	0.0	0	1	11	4.053333333333334	ShortestFirst	48	312	0	317	5	35	133	59.2
C11305751	248	5	15	3	58	73	65.0	15	15	15.0	0	0	0.0	0	0	14	4.013333333333334	ShortestFirst	54	380	0	381	1	266	266	266.0
C11320592	248	5	15	3	53	78	65.0	15	15	15.0	0	0	0.0	0	0	10	4.0	ShortestFirst	58	421	0	427	5	32	133	78.2
C11340216	254	5	15	3	60	76	64.0	15	15	15.0	0	0	0.0	0	0	14	4.08	ShortestFirst	64	418	0	427	5	30	136	81.0
C11356971	250	5	15	3	56	77	64.2	15	15	15.0	0	0	0.0	0	0	21	4.066666666666666	ShortestFirst	61	388	0	396	3	46	220	125.33333333333333
C11362345	245	5	15	3	62	82	67.4	15	15	15.0	0	0	0.0	0	0	20	4.226666666666667	ShortestFirst	50	359	0	363	1	283	283	283.0
C11362705	251	5	15	3	59	67	63.0	15	15	15.0	0	0	0.0	0	0	23	4.093333333333334	ShortestFirst	60	387	0	387	0	0	0	0
C11362706	564	5	0	7	95	154	113.8	0	0	0.0	0	3	0.6	1	0	0	0.0	ShortestFirst	130	560	0	560	0	0	0	0
C11362707	522	5	0	8	106	173	126.4	0	0	0.0	0	1	0.4	2	0	0	0.0	ShortestFirst	128	525	0	525	0	0	0	0
C11362708	262	5	0	4	50	90	65.4	0	0	0.0	0	2	0.4	1	0	0	0.0	ShortestFirst	45	258	0	258	0	0	0	0
C11362709	525	5	0	7	96	168	119.6	0	0	0.0	0	1	0.4	2	0	0	0.0	ShortestFirst	97	521	0	521	0	0	0	0
C11362710	436	5	0	7	78	131	99.4	0	0	0.0	0	1	0.4	2	0	0	0.0	ShortestFirst	89	427	0	427	0	0	0	0
C11362711	454	5	0	7	68	119	97.4	0	0	0.0	0	1	0.4	2	0	0	0.0	ShortestFirst	111	440	0	440	0	0	0	0
C11362712	555	5	0	7	98	160	114.0	0	0	0.0	0	2	0.6	2	0	0	0.0	ShortestFirst	110	550	0	550	0	0	0	0
C11362713	367	5	0	6	49	96	70.2	0	0	0.0	0	2	0.4	1	0	0	0.0	ShortestFirst	55	357	0	357	0	0	0	0
C11362714	536	5	0	9	85	142	114.2	0	0	0.0	0	1	0.4	2	0	0	0.0	ShortestFirst	84	510	0	510	0	0	0	0
C11362715	520	5	0	7	93	137	113.0	0	0	0.0	0	1	0.4	2	0	0	0.0	ShortestFirst	100	501	0	501	0	0	0	0
C11362716	259	5	5	4	50	74	64.6	5	5	5.0	0	0	0.0	0	6	24	11.36	ShortestFirst	57	395	0	401	5	4	127	72.4
C11362728	272	5	5	4	45	79	67.8	5	5	5.0	0	1	0.2	1	5	21	11.04	ShortestFirst	57	445	0	449	4	64	70	68.5
C11362729	264	5	5	4	52	73	65.8	5	5	5.0	0	1	0.2	1	5	19	10.52	ShortestFirst	73	525	0	531	6	26	118	76.0
C11362737	306	5	5	6	52	81	71.6	5	5	5.0	0	1	0.4	2	3	20	9.72	ShortestFirst	68	563	0	569	6	35	72	47.333333333333336
C11362741	295	5	5	5	58	86	73.8	5	5	5.0	0	1	0.2	1	5	36	12.44	ShortestFirst	146	970	0	982	10	13	163	87.6
C11362752	282	5	5	5	57	93	70.0	5	5	5.0	0	1	0.2	1	5	29	11.24	ShortestFirst	86	572	0	582	6	23	134	86.0
C11362759	282	5	5	6	57	84	72.6	5	5	5.0	0	0	0.0	0	4	30	12.0	ShortestFirst	57	417	0	424	3	9	274	111.66666666666667
C11362766	265	5	5	4	46	84	66.2	5	5	5.0	0	0	0.0	0	5	25	11.32	ShortestFirst	41	282	0	285	2	94	139	116.5
C11362769	264	5	5	4	56	78	65.4	5	5	5.0	0	0	0.0	0	6	26	11.76	ShortestFirst	86	544	0	554	8	16	98	60.75
C11362770	256	5	5	4	53	89	67.6	5	5	5.0	0	2	0.4	1	7	19	10.88	ShortestFirst	85	678	0	685	5	6	236	121.2
C11363123	258	5	10	4	53	78	65.0	10	10	10.0	0	0	0.0	0	2	16	5.84	ShortestFirst	81	545	0	552	7	4	191	55.142857142857146
C11363207	259	5	10	4	59	68	63.2	10	10	10.0	0	0	0.0	0	0	14	5.9	ShortestFirst	41	263	0	266	3	4	204	74.0
C11363405	254	5	10	4	51	87	68.2	10	10	10.0	0	0	0.0	0	1	15	6.14	ShortestFirst	42	300	0	305	3	55	155	91.33333333333333
C11363513	248	5	10	4	56	70	63.2	10	10	10.0	0	0	0.0	0	2	17	5.84	ShortestFirst	85	605	0	612	7	57	187	75.57142857142857
C11363565	259	5	10	4	51	83	65.0	10	10	10.0	0	0	0.0	0	2	18	6.08	ShortestFirst	54	336	0	341	5	37	152	61.6
C11363769	257	5	10	4	51	75	64.6	10	10	10.0	0	1	0.2	1	1	17	5.84	ShortestFirst	65	460	0	464	4	52	52	52.0
C11363871	279	5	10	5	52	87	68.6	10	10	10.0	0	1	0.2	1	0	20	6.18	ShortestFirst	82	574	0	582	2	221	230	225.5
C11363881	282	5	10	5	56	95	71.2	10	10	10.0	0	0	0.0	0	2	45	6.68	ShortestFirst	135	857	0	868	5	6	279	167.0
C11364045	258	5	10	4	50	80	68.6	10	10	10.0	0	1	0.2	1	0	19	5.82	ShortestFirst	80	616	0	620	4	112	112	112.0
C11364139	255	5	10	4	57	80	67.4	10	10	10.0	0	0	0.0	0	0	15	6.24	ShortestFirst	106	759	0	771	8	8	176	86.75
C11365604	264	5	15	4	49	79	64.0	15	15	15.0	0	0	0.0	0	0	14	4.066666666666666	ShortestFirst	75	462	0	471	7	18	68	40.857142857142854
C11381244	255	5	15	4	54	91	64.2	15	15	15.0	0	0	0.0	0	1	19	4.04	ShortestFirst	82	493	0	500	3	16	330	159.33333333333334
C11387360	259	5	15	4	54	86	66.2	15	15	15.0	0	0	0.0	0	1	15	4.213333333333333	ShortestFirst	54	345	0	350	5	9	52	26.2
C11393386	286	5	15	5	58	75	68.4	15	15	15.0	0	1	0.2	1	0	21	4.293333333333333	ShortestFirst	70	410	0	415	4	60	185	91.25
C11405359	254	5	15	4	56	80	66.4	15	15	15.0	0	0	0.0	0	0	14	4.2	ShortestFirst	97	648	0	657	7	5	182	90.0
C11421447	263	5	15	4	61	70	64.2	15	15	15.0	0	0	0.0	0	0	15	3.96	ShortestFirst	46	286	0	292	5	5	173	48.2
C11422335	259	5	15	4	50	77	63.2	15	15	15.0	0	0	0.0	0	0	12	4.08	ShortestFirst	61	375	0	379	2	37	245	141.0
C11429254	256	5	15	4	57	74	65.0	15	15	15.0	0	0	0.0	0	0	15	4.066666666666666	ShortestFirst	59	365	0	370	1	351	351	351.0
C11441074	261	5	15	4	58	75	66.4	15	15	15.0	0	0	0.0	0	0	14	4.1066666666666665	ShortestFirst	67	443	0	450	3	120	180	140.0
C11444018	253	5	15	4	55	75	66.2	15	15	15.0	0	1	0.2	1	0	15	4.066666666666666	ShortestFirst	92	620	0	627	6	17	163	95.66666666666667
C11444019	811	5	0	15	131	233	184.2	0	0	0.0	0	1	0.6	3	0	0	0.0	ShortestFirst	227	816	0	816	0	0	0	0
C11444020	441	5	0	9	75	115	101.8	0	0	0.0	0	1	0.4	2	0	0	0.0	ShortestFirst	95	439	0	439	0	0	0	0
C11444021	289	5	0	5	50	79	70.8	0	0	0.0	0	2	0.4	1	0	0	0.0	ShortestFirst	54	277	0	277	0	0	0	0
C11444022	537	5	0	9	94	205	125.2	0	0	0.0	0	5	1.0	1	0	0	0.0	ShortestFirst	109	522	0	522	0	0	0	0
C11444023	966	5	0	15	86	325	145.8	0	0	0.0	0	11	2.2	1	0	0	0.0	ShortestFirst	130	950	0	950	0	0	0	0
C11444024	636	5	0	11	108	160	135.8	0	0	0.0	0	1	0.4	2	0	0	0.0	ShortestFirst	124	611	0	611	0	0	0	0
C11444025	738	5	0	11	130	222	163.0	0	0	0.0	0	2	0.6	2	0	0	0.0	ShortestFirst	152	714	0	714	0	0	0	0
C11444026	342	5	0	7	55	98	71.8	0	0	0.0	0	1	0.2	1	0	0	0.0	ShortestFirst	63	341	0	341	0	0	0	0
C11444027	753	5	0	11	105	221	166.2	0	0	0.0	0	3	0.8	2	0	0	0.0	ShortestFirst	124	742	0	742	0	0	0	0
C11444028	330	5	0	5	54	116	71.4	0	0	0.0	0	2	0.4	1	0	0	0.0	ShortestFirst	52	323	0	323	0	0	0	0
C11444030	275	5	5	5	55	74	69.2	5	5	5.0	0	1	0.2	1	5	22	11.16	ShortestFirst	82	627	0	637	8	31	119	70.625
C11444033	279	5	5	5	58	77	67.0	5	5	5.0	0	0	0.0	0	6	22	11.64	ShortestFirst	53	352	0	356	4	7	53	36.0
C11444043	270	5	5	5	48	79	66.6	5	5	5.0	0	1	0.2	1	3	24	11.28	ShortestFirst	77	512	0	518	6	9	188	77.0
C11444046	286	5	5	5	55	100	72.4	5	5	5.0	0	0	0.0	0	5	28	12.16	ShortestFirst	79	575	0	587	12	3	108	44.166666666666664
C11444048	273	5	5	5	50	73	63.0	5	5	5.0	0	1	0.2	1	2	20	11.16	ShortestFirst	177	1140	0	1158	18	4	186	57.111111111111114
C11444065	314	5	5	6	53	99	73.4	5	5	5.0	0	1	0.4	2	4	29	11.12	ShortestFirst	122	820	0	832	8	38	157	85.0
C11444075	320	5	5	6	66	93	79.2	5	5	5.0	0	0	0.0	0	4	40	14.12	ShortestFirst	91	546	0	551	5	43	94	63.4
C11444081	312	5	5	6	65	98	78.4	5	5	5.0	0	0	0.0	0	4	46	14.04	ShortestFirst	56	342	0	347	3	2	238	101.0
C11444093	277	5	5	5	54	75	67.4	5	5	5.0	0	1	0.2	1	6	24	11.32	ShortestFirst	89	595	0	602	7	3	145	68.28571428571429
C11444102	271	5	5	5	57	80	68.0	5	5	5.0	0	1	0.2	1	6	30	11.24	ShortestFirst	104	748	0	757	6	37	318	116.5
C11444182	277	5	10	5	63	79	68.0	10	10	10.0	0	1	0.2	1	1	17	6.18	ShortestFirst	75	507	0	518	7	3	122	66.57142857142857
C11444275	296	5	10	6	69	74	70.8	10	10	10.0	0	0	0.0	0	1	23	6.5	ShortestFirst	86	524	0	532	8	19	115	50.75
C11444349	270	5	10	5	62	79	67.0	10	10	10.0	0	0	0.0	0	1	14	5.96	ShortestFirst	50	346	0	352	4	62	110	78.0
C11444459	267	5	10	5	63	77	67.0	10	10	10.0	0	0	0.0	0	1	15	6.14	ShortestFirst	61	402	0	409	5	22	171	66.6
C11444525	275	5	10	5	54	76	66.6	10	10	10.0	0	1	0.2	1	1	17	6.16	ShortestFirst	118	795	0	807	10	2	188	76.2
C11444590	304	5	10	6	64	90	73.4	10	10	10.0	0	0	0.0	0	2	26	6.98	ShortestFirst	188	1185	0	1197	3	3	571	365.6666666666667
C11444735	270	5	10	5	49	99	67.2	10	10	10.0	0	0	0.0	0	0	20	6.04	ShortestFirst	98	597	0	609	11	20	130	51.72727272727273
C11444823	273	5	10	5	57	75	67.4	10	10	10.0	0	1	0.2	1	2	18	6.26	ShortestFirst	255	1738	0	1762	11	10	452	149.0909090909091
C11444853	269	5	10	5	62	75	70.2	10	10	10.0	0	0	0.0	0	1	18	6.68	ShortestFirst	111	735	0	747	7	8	251	102.71428571428571
C11444861	264	5	10	5	57	76	67.8	10	10	10.0	0	0	0.0	0	1	18	6.22	ShortestFirst	109	766	0	771	4	100	390	172.5
C11446281	275	5	15	5	64	74	68.0	15	15	15.0	0	1	0.2	1	1	14	4.1466666666666665	ShortestFirst	90	597	0	605	8	27	308	62.125
C11451584	270	5	15	5	50	87	67.0	15	15	15.0	0	1	0.2	1	0	19	4.1466666666666665	ShortestFirst	123	813	0	826	7	14	184	104.42857142857143
C11456016	274	5	15	5	56	77	67.8	15	15	15.0	0	1	0.2	1	0	13	4.2	ShortestFirst	154	984	0	1001	17	13	140	51.705882352941174
C11456569	267	5	15	5	60	75	66.6	15	15	15.0	0	1	0.2	1	0	16	4.12	ShortestFirst	112	710	0	724	9	27	168	74.22222222222223
C11456846	266	5	15	5	59	77	66.6	15	15	15.0	0	0	0.0	0	0	15	4.1866666666666665	ShortestFirst	86	461	0	467	5	8	118	80.4
C11458034	269	5	15	5	53	81	66.4	15	15	15.0	0	0	0.0	0	1	19	4.226666666666667	ShortestFirst	89	533	0	542	9	13	74	41.666666666666664
C11458795	273	5	15	5	51	92	67.8	15	15	15.0	0	1	0.2	1	0	14	4.1066666666666665	ShortestFirst	145	919	0	923	4	153	191	181.5
C11461096	264	5	15	5	59	74	66.2	15	15	15.0	0	0	0.0	0	0	13	4.253333333333333	ShortestFirst	90	530	0	542	7	2	205	73.28571428571429
C11464406	278	5	15	5	60	70	66.6	15	15	15.0	0	1	0.2	1	0	15	3.9466666666666668	ShortestFirst	54	343	0	346	2	97	184	140.5
C11466317	263	5	15	5	57	76	67.2	15	15	15.0	0	0	0.0	0	0	14	4.266666666666667	ShortestFirst	112	704	0	716	8	16	178	86.125
