id	numberOfActions	numberOfProcesses	numberOfProcedures	numberOfConditionals	minLengthOfProcesses	maxLengthOfProcesses	avgLengthOfProcesses	minNumberOfProceduresInProcesses	maxNumberOfProceduresInProcesses	avgNumberOfProceduresInProcesses	minNumberOfConditionalsInProcesses	maxNumberOfConditionalsInProcesses	avgNumberOfConditionalsInProcesses	numberOfProcessesWithConditionals	minProcedureLengthInProcesses	maxProcedureLengthInProcesses	avgProcedureLengthInProcesses	strategy	time(msec)	nodes	badLoops	mainLength	numOfProcedures	minProcedureLength	maxProcedureLength	avgProcedureLength
C1	201	5	0	0	54	65	59.2	0	0	0.0	0	0	0.0	0	0	0	0.0	UnmarkedThenConditions	15	201	0	201	0	0	0	0
C2	201	5	0	0	53	70	62.0	0	0	0.0	0	0	0.0	0	0	0	0.0	UnmarkedThenConditions	10	201	0	201	0	0	0	0
C3	201	5	0	0	55	70	61.4	0	0	0.0	0	0	0.0	0	0	0	0.0	UnmarkedThenConditions	12	201	0	201	0	0	0	0
C4	201	5	0	0	51	65	58.6	0	0	0.0	0	0	0.0	0	0	0	0.0	UnmarkedThenConditions	13	201	0	201	0	0	0	0
C5	201	5	0	0	53	67	61.8	0	0	0.0	0	0	0.0	0	0	0	0.0	UnmarkedThenConditions	12	201	0	201	0	0	0	0
C6	201	5	0	0	48	68	58.0	0	0	0.0	0	0	0.0	0	0	0	0.0	UnmarkedThenConditions	13	201	0	201	0	0	0	0
C7	201	5	0	0	50	68	60.0	0	0	0.0	0	0	0.0	0	0	0	0.0	UnmarkedThenConditions	15	201	0	201	0	0	0	0
C8	201	5	0	0	52	67	59.2	0	0	0.0	0	0	0.0	0	0	0	0.0	UnmarkedThenConditions	14	201	0	201	0	0	0	0
C9	201	5	0	0	46	68	60.0	0	0	0.0	0	0	0.0	0	0	0	0.0	UnmarkedThenConditions	14	201	0	201	0	0	0	0
C10	201	5	0	0	50	69	58.0	0	0	0.0	0	0	0.0	0	0	0	0.0	UnmarkedThenConditions	12	201	0	201	0	0	0	0
C125	206	5	5	0	52	74	58.2	5	5	5.0	0	0	0.0	0	3	15	9.48	UnmarkedThenConditions	28	201	0	202	1	35	35	35.0
C132	206	5	5	0	51	72	60.6	5	5	5.0	0	0	0.0	0	4	17	10.36	UnmarkedThenConditions	28	210	0	211	1	83	83	83.0
C209	206	5	5	0	50	73	59.4	5	5	5.0	0	0	0.0	0	5	17	10.0	UnmarkedThenConditions	33	221	0	222	1	141	141	141.0
C214	206	5	5	0	54	63	58.4	5	5	5.0	0	0	0.0	0	3	15	9.6	UnmarkedThenConditions	35	207	0	208	1	142	142	142.0
C339	206	5	5	0	53	66	61.4	5	5	5.0	0	0	0.0	0	5	16	10.04	UnmarkedThenConditions	27	209	0	210	1	124	124	124.0
C346	206	5	5	0	54	71	63.4	5	5	5.0	0	0	0.0	0	3	17	10.8	UnmarkedThenConditions	22	201	0	201	0	0	0	0
C392	206	5	5	0	54	71	60.8	5	5	5.0	0	0	0.0	0	4	17	10.2	UnmarkedThenConditions	25	208	0	209	1	133	133	133.0
C463	206	5	5	0	54	68	60.8	5	5	5.0	0	0	0.0	0	2	17	9.8	UnmarkedThenConditions	21	201	0	202	1	41	41	41.0
C466	206	5	5	0	51	66	60.2	5	5	5.0	0	0	0.0	0	5	17	10.08	UnmarkedThenConditions	24	201	0	201	0	0	0	0
C474	206	5	5	0	47	69	60.2	5	5	5.0	0	0	0.0	0	5	15	10.28	UnmarkedThenConditions	27	209	0	210	1	100	100	100.0
C9414	211	5	10	0	53	69	59.4	10	10	10.0	0	0	0.0	0	2	10	5.28	UnmarkedThenConditions	22	201	0	201	0	0	0	0
C10166	211	5	10	0	52	70	60.2	10	10	10.0	0	0	0.0	0	2	11	5.46	UnmarkedThenConditions	23	217	0	218	1	100	100	100.0
C30747	211	5	10	0	55	71	62.0	10	10	10.0	0	0	0.0	0	2	12	5.72	UnmarkedThenConditions	23	205	0	206	1	164	164	164.0
C37578	211	5	10	0	52	66	61.4	10	10	10.0	0	0	0.0	0	2	12	5.6	UnmarkedThenConditions	22	204	0	205	1	40	40	40.0
C46767	211	5	10	0	56	63	59.6	10	10	10.0	0	0	0.0	0	2	12	5.4	UnmarkedThenConditions	27	205	0	206	1	139	139	139.0
C60285	211	5	10	0	55	64	60.6	10	10	10.0	0	0	0.0	0	1	14	5.54	UnmarkedThenConditions	22	207	0	208	1	138	138	138.0
C68691	211	5	10	0	48	68	60.2	10	10	10.0	0	0	0.0	0	1	10	5.24	UnmarkedThenConditions	21	201	0	201	0	0	0	0
C69205	211	5	10	0	58	68	62.0	10	10	10.0	0	0	0.0	0	2	11	5.72	UnmarkedThenConditions	22	205	0	206	1	66	66	66.0
C78320	211	5	10	0	51	67	59.8	10	10	10.0	0	0	0.0	0	0	10	5.6	UnmarkedThenConditions	24	213	0	214	1	90	90	90.0
C90372	211	5	10	0	49	71	62.4	10	10	10.0	0	0	0.0	0	2	10	5.68	UnmarkedThenConditions	21	203	0	204	1	25	25	25.0
C913478	216	5	15	0	53	84	65.4	15	15	15.0	0	0	0.0	0	0	11	4.04	UnmarkedThenConditions	33	207	0	208	1	166	166	166.0
C2187983	216	5	15	0	58	66	60.6	15	15	15.0	0	0	0.0	0	0	8	3.7733333333333334	UnmarkedThenConditions	25	201	0	201	0	0	0	0
C4926236	216	5	15	0	51	71	62.2	15	15	15.0	0	0	0.0	0	0	7	3.8133333333333335	UnmarkedThenConditions	40	236	0	237	1	112	112	112.0
C6425197	216	5	15	0	55	66	58.8	15	15	15.0	0	0	0.0	0	0	10	3.533333333333333	UnmarkedThenConditions	42	223	0	224	1	14	14	14.0
C6852353	216	5	15	0	49	78	59.6	15	15	15.0	0	0	0.0	0	0	11	3.7066666666666666	UnmarkedThenConditions	29	209	0	210	1	177	177	177.0
C8406660	216	5	15	0	52	62	56.8	15	15	15.0	0	0	0.0	0	0	9	3.5733333333333333	UnmarkedThenConditions	42	205	0	206	1	130	130	130.0
C8540650	216	5	15	0	49	69	58.2	15	15	15.0	0	0	0.0	0	1	8	3.6533333333333333	UnmarkedThenConditions	39	203	0	204	1	55	55	55.0
C8735382	216	5	15	0	50	70	59.4	15	15	15.0	0	0	0.0	0	0	10	3.6933333333333334	UnmarkedThenConditions	40	203	0	204	1	34	34	34.0
C8882277	216	5	15	0	56	66	60.2	15	15	15.0	0	0	0.0	0	0	8	3.72	UnmarkedThenConditions	33	235	0	236	1	127	127	127.0
C9712244	216	5	15	0	43	73	58.8	15	15	15.0	0	0	0.0	0	0	9	3.64	UnmarkedThenConditions	38	201	0	202	1	45	45	45.0
C9712245	269	5	0	1	53	84	65.0	0	0	0.0	0	1	0.2	1	0	0	0.0	UnmarkedThenConditions	15	276	0	276	0	0	0	0
C9712246	222	5	0	1	52	70	63.4	0	0	0.0	0	1	0.2	1	0	0	0.0	UnmarkedThenConditions	11	223	0	223	0	0	0	0
C9712247	262	5	0	1	58	91	66.0	0	0	0.0	0	1	0.2	1	0	0	0.0	UnmarkedThenConditions	14	262	0	262	0	0	0	0
C9712248	252	5	0	1	48	73	63.4	0	0	0.0	0	1	0.2	1	0	0	0.0	UnmarkedThenConditions	14	252	0	252	0	0	0	0
C9712249	223	5	0	1	55	64	59.2	0	0	0.0	0	1	0.2	1	0	0	0.0	UnmarkedThenConditions	14	223	0	223	0	0	0	0
C9712250	275	5	0	1	52	108	66.2	0	0	0.0	0	1	0.2	1	0	0	0.0	UnmarkedThenConditions	22	274	0	274	0	0	0	0
C9712251	223	5	0	1	53	68	60.8	0	0	0.0	0	1	0.2	1	0	0	0.0	UnmarkedThenConditions	13	224	0	224	0	0	0	0
C9712252	237	5	0	1	52	80	62.4	0	0	0.0	0	1	0.2	1	0	0	0.0	UnmarkedThenConditions	13	240	0	240	0	0	0	0
C9712253	214	5	0	1	51	73	61.6	0	0	0.0	0	1	0.2	1	0	0	0.0	UnmarkedThenConditions	14	216	0	216	0	0	0	0
C9712254	249	5	0	1	59	75	66.4	0	0	0.0	0	1	0.2	1	0	0	0.0	UnmarkedThenConditions	12	249	0	249	0	0	0	0
C9712300	219	5	5	1	57	69	63.6	5	5	5.0	0	0	0.0	0	4	23	10.8	UnmarkedThenConditions	40	226	0	228	1	153	153	153.0
C9712320	223	5	5	1	53	70	61.6	5	5	5.0	0	0	0.0	0	6	25	10.52	UnmarkedThenConditions	44	221	0	221	0	0	0	0
C9712379	225	5	5	1	56	71	59.8	5	5	5.0	0	0	0.0	0	6	17	9.84	UnmarkedThenConditions	43	232	0	234	2	57	131	94.0
C9712419	217	5	5	1	55	66	60.8	5	5	5.0	0	1	0.2	1	5	14	10.2	UnmarkedThenConditions	67	373	0	375	2	34	34	34.0
C9712495	218	5	5	1	57	67	61.8	5	5	5.0	0	0	0.0	0	5	21	11.12	UnmarkedThenConditions	45	230	0	231	1	160	160	160.0
C9712559	224	5	5	1	43	72	59.0	5	5	5.0	0	0	0.0	0	5	21	9.6	UnmarkedThenConditions	53	354	0	357	3	89	93	91.66666666666667
C9712572	227	5	5	1	56	70	62.8	5	5	5.0	0	1	0.2	1	6	15	9.68	UnmarkedThenConditions	35	222	0	222	0	0	0	0
C9712652	216	5	5	1	52	69	61.2	5	5	5.0	0	0	0.0	0	5	16	9.76	UnmarkedThenConditions	43	245	0	247	2	27	147	87.0
C9712689	228	5	5	1	56	71	60.6	5	5	5.0	0	1	0.2	1	5	15	9.52	UnmarkedThenConditions	59	346	0	348	2	101	101	101.0
C9712695	217	5	5	1	53	65	60.0	5	5	5.0	0	0	0.0	0	4	17	10.44	UnmarkedThenConditions	60	348	0	351	3	61	69	66.33333333333333
C9715112	223	5	10	1	54	77	64.6	10	10	10.0	0	0	0.0	0	1	14	5.84	UnmarkedThenConditions	29	282	0	284	2	58	58	58.0
C9717732	222	5	10	1	54	68	61.2	10	10	10.0	0	1	0.2	1	1	11	5.32	UnmarkedThenConditions	26	231	0	233	2	53	76	64.5
C9717866	221	5	10	1	48	73	60.2	10	10	10.0	0	0	0.0	0	1	19	5.48	UnmarkedThenConditions	28	228	0	230	2	26	176	101.0
C9723690	221	5	10	1	52	83	60.6	10	10	10.0	0	1	0.2	1	1	12	5.6	UnmarkedThenConditions	41	342	0	344	2	71	71	71.0
C9729774	220	5	10	1	51	70	60.8	10	10	10.0	0	0	0.0	0	1	12	5.42	UnmarkedThenConditions	26	223	0	225	2	43	60	51.5
C9730200	221	5	10	1	55	68	62.0	10	10	10.0	0	0	0.0	0	1	15	5.78	UnmarkedThenConditions	41	346	0	348	2	55	55	55.0
C9731008	224	5	10	1	52	73	60.6	10	10	10.0	0	0	0.0	0	0	12	5.44	UnmarkedThenConditions	41	316	0	318	1	257	257	257.0
C9732269	220	5	10	1	50	83	61.0	10	10	10.0	0	0	0.0	0	1	15	5.58	UnmarkedThenConditions	31	251	0	253	2	17	17	17.0
C9732364	224	5	10	1	52	68	59.2	10	10	10.0	0	0	0.0	0	1	15	5.32	UnmarkedThenConditions	43	299	0	301	2	59	59	59.0
C9733445	220	5	10	1	53	68	61.8	10	10	10.0	0	0	0.0	0	1	13	5.7	UnmarkedThenConditions	27	240	0	242	1	189	189	189.0
C9926755	227	5	15	1	50	64	58.8	15	15	15.0	0	0	0.0	0	1	12	3.7333333333333334	UnmarkedThenConditions	32	226	0	228	2	23	189	106.0
C9929279	226	5	15	1	53	69	60.8	15	15	15.0	0	0	0.0	0	0	12	3.9066666666666667	UnmarkedThenConditions	31	220	0	222	2	25	70	47.5
C10149177	226	5	15	1	56	72	60.0	15	15	15.0	0	0	0.0	0	1	13	3.9066666666666667	UnmarkedThenConditions	30	215	0	217	2	57	143	100.0
C10158257	228	5	15	1	55	67	59.6	15	15	15.0	0	0	0.0	0	0	14	3.76	UnmarkedThenConditions	32	228	0	230	2	26	138	82.0
C10446746	228	5	15	1	43	72	61.2	15	15	15.0	0	0	0.0	0	0	14	3.92	UnmarkedThenConditions	35	247	0	249	2	26	149	87.5
C10598570	229	5	15	1	52	68	61.6	15	15	15.0	0	0	0.0	0	0	9	3.933333333333333	UnmarkedThenConditions	32	244	0	246	2	37	167	102.0
C10645096	227	5	15	1	55	80	63.0	15	15	15.0	0	0	0.0	0	0	14	4.0	UnmarkedThenConditions	33	255	0	257	1	222	222	222.0
C10713607	227	5	15	1	51	71	62.6	15	15	15.0	0	0	0.0	0	1	13	3.986666666666667	UnmarkedThenConditions	31	233	0	235	2	51	112	81.5
C10741204	226	5	15	1	50	74	61.0	15	15	15.0	0	0	0.0	0	0	13	3.8933333333333335	UnmarkedThenConditions	43	328	0	330	2	96	96	96.0
C10862038	227	5	15	1	59	67	63.2	15	15	15.0	0	0	0.0	0	0	12	3.933333333333333	UnmarkedThenConditions	31	233	0	235	2	43	116	79.5
C10862039	292	5	0	2	52	98	65.2	0	0	0.0	0	2	0.4	1	0	0	0.0	UnmarkedThenConditions	18	291	0	291	0	0	0	0
C10862040	437	5	0	3	94	134	110.6	0	0	0.0	0	3	0.6	1	0	0	0.0	UnmarkedThenConditions	31	439	0	439	0	0	0	0
C10862041	286	5	0	2	56	74	65.6	0	0	0.0	0	1	0.2	1	0	0	0.0	UnmarkedThenConditions	16	286	0	286	0	0	0	0
C10862042	410	5	0	3	49	129	75.2	0	0	0.0	0	1	0.4	2	0	0	0.0	UnmarkedThenConditions	19	409	0	409	0	0	0	0
C10862043	358	5	0	3	72	107	88.0	0	0	0.0	0	1	0.4	2	0	0	0.0	UnmarkedThenConditions	21	350	0	350	0	0	0	0
C10862044	267	5	0	2	44	91	64.4	0	0	0.0	0	2	0.4	1	0	0	0.0	UnmarkedThenConditions	15	273	0	273	0	0	0	0
C10862045	261	5	0	2	55	86	64.0	0	0	0.0	0	2	0.4	1	0	0	0.0	UnmarkedThenConditions	14	258	0	258	0	0	0	0
C10862046	285	5	0	2	49	88	67.0	0	0	0.0	0	1	0.2	1	0	0	0.0	UnmarkedThenConditions	14	285	0	285	0	0	0	0
C10862047	269	5	0	2	48	82	64.4	0	0	0.0	0	1	0.2	1	0	0	0.0	UnmarkedThenConditions	14	272	0	272	0	0	0	0
C10862048	270	5	0	2	56	72	64.0	0	0	0.0	0	1	0.2	1	0	0	0.0	UnmarkedThenConditions	16	269	0	269	0	0	0	0
C10862051	235	5	5	2	59	72	65.8	5	5	5.0	0	0	0.0	0	6	19	11.12	UnmarkedThenConditions	38	337	0	340	2	103	119	111.0
C10862073	233	5	5	2	55	70	64.0	5	5	5.0	0	1	0.2	1	5	19	10.72	UnmarkedThenConditions	45	315	0	318	3	30	30	30.0
C10862075	230	5	5	2	54	71	60.8	5	5	5.0	0	0	0.0	0	4	21	10.36	UnmarkedThenConditions	39	327	0	329	2	70	70	70.0
C10862087	236	5	5	2	56	72	61.6	5	5	5.0	0	0	0.0	0	5	21	9.88	UnmarkedThenConditions	37	274	0	276	2	33	33	33.0
C10862100	233	5	5	2	54	70	61.4	5	5	5.0	0	1	0.2	1	5	21	10.16	UnmarkedThenConditions	48	436	0	440	4	74	83	78.5
C10862137	230	5	5	2	55	75	63.8	5	5	5.0	0	0	0.0	0	6	17	10.72	UnmarkedThenConditions	27	240	0	243	3	30	41	35.0
C10862201	239	5	5	2	55	73	62.6	5	5	5.0	0	1	0.2	1	3	21	9.8	UnmarkedThenConditions	30	281	0	283	2	34	34	34.0
C10862209	239	5	5	2	51	87	62.0	5	5	5.0	0	1	0.2	1	5	19	10.16	UnmarkedThenConditions	64	553	0	558	5	36	166	88.0
C10862223	231	5	5	2	55	76	64.8	5	5	5.0	0	1	0.2	1	4	18	10.6	UnmarkedThenConditions	30	290	0	291	1	105	105	105.0
C10862240	234	5	5	2	57	70	64.4	5	5	5.0	0	1	0.2	1	6	14	10.04	UnmarkedThenConditions	32	313	0	316	3	68	75	70.33333333333333
C10862919	240	5	10	2	56	77	66.2	10	10	10.0	0	0	0.0	0	1	15	5.98	UnmarkedThenConditions	39	317	0	318	1	156	156	156.0
C10863242	231	5	10	2	55	72	63.4	10	10	10.0	0	0	0.0	0	1	15	5.94	UnmarkedThenConditions	31	235	0	238	3	8	72	33.333333333333336
C10864483	235	5	10	2	51	79	63.4	10	10	10.0	0	1	0.2	1	2	21	5.78	UnmarkedThenConditions	54	440	0	443	3	98	98	98.0
C10865145	236	5	10	2	50	88	63.0	10	10	10.0	0	1	0.2	1	1	14	5.6	UnmarkedThenConditions	109	905	0	917	12	11	143	65.0
C10865432	236	5	10	2	58	69	63.2	10	10	10.0	0	0	0.0	0	1	14	6.06	UnmarkedThenConditions	41	318	0	322	3	40	112	83.0
C10867937	241	5	10	2	58	70	63.4	10	10	10.0	0	0	0.0	0	0	17	5.96	UnmarkedThenConditions	41	316	0	320	4	18	161	70.25
C10868000	235	5	10	2	55	68	61.6	10	10	10.0	0	0	0.0	0	1	14	5.76	UnmarkedThenConditions	31	246	0	249	3	3	171	70.33333333333333
C10868284	240	5	10	2	52	85	62.8	10	10	10.0	0	0	0.0	0	2	17	5.76	UnmarkedThenConditions	42	325	0	329	2	96	200	148.0
C10868355	233	5	10	2	50	79	61.8	10	10	10.0	0	0	0.0	0	1	16	5.76	UnmarkedThenConditions	29	233	0	235	2	20	35	27.5
C10868488	238	5	10	2	56	76	62.8	10	10	10.0	0	0	0.0	0	1	17	5.72	UnmarkedThenConditions	32	239	0	241	2	20	191	105.5
C10874140	236	5	15	2	57	71	65.8	15	15	15.0	0	0	0.0	0	0	12	4.173333333333333	UnmarkedThenConditions	36	244	0	246	2	68	151	109.5
C10886504	236	5	15	2	54	71	63.2	15	15	15.0	0	0	0.0	0	0	14	3.986666666666667	UnmarkedThenConditions	95	399	0	407	5	26	109	64.0
C10936388	239	5	15	2	50	75	62.2	15	15	15.0	0	0	0.0	0	0	18	3.84	UnmarkedThenConditions	69	311	0	315	4	39	110	73.5
C10986112	238	5	15	2	52	70	62.0	15	15	15.0	0	0	0.0	0	1	10	3.973333333333333	UnmarkedThenConditions	62	382	0	385	3	33	33	33.0
C11026434	243	5	15	2	57	78	66.4	15	15	15.0	0	0	0.0	0	0	18	4.12	UnmarkedThenConditions	89	475	0	482	5	56	109	77.6
C11121540	237	5	15	2	51	77	63.4	15	15	15.0	0	0	0.0	0	0	18	4.066666666666666	UnmarkedThenConditions	56	271	0	273	2	38	38	38.0
C11172949	234	5	15	2	55	75	63.2	15	15	15.0	0	0	0.0	0	0	9	3.933333333333333	UnmarkedThenConditions	39	237	0	240	3	4	129	70.66666666666667
C11176540	241	5	15	2	48	73	62.8	15	15	15.0	0	0	0.0	0	0	18	4.04	UnmarkedThenConditions	55	236	0	239	3	5	123	64.33333333333333
C11194297	235	5	15	2	58	73	64.2	15	15	15.0	0	1	0.2	1	0	16	3.986666666666667	UnmarkedThenConditions	44	278	0	281	3	10	30	23.333333333333332
C11235793	238	5	15	2	50	71	62.6	15	15	15.0	0	0	0.0	0	1	12	3.986666666666667	UnmarkedThenConditions	62	267	0	271	3	25	157	75.33333333333333
C11235794	342	5	0	4	53	112	72.6	0	0	0.0	0	2	0.4	1	0	0	0.0	UnmarkedThenConditions	23	345	0	345	0	0	0	0
C11235795	360	5	0	5	74	109	88.0	0	0	0.0	0	1	0.4	2	0	0	0.0	UnmarkedThenConditions	24	363	0	363	0	0	0	0
C11235796	454	5	0	5	81	158	110.4	0	0	0.0	0	5	1.0	1	0	0	0.0	UnmarkedThenConditions	37	459	0	459	0	0	0	0
C11235797	443	5	0	5	80	152	111.0	0	0	0.0	0	3	0.6	1	0	0	0.0	UnmarkedThenConditions	32	444	0	444	0	0	0	0
C11235798	294	5	0	3	51	94	69.6	0	0	0.0	0	1	0.2	1	0	0	0.0	UnmarkedThenConditions	15	296	0	296	0	0	0	0
C11235799	413	5	0	5	68	112	94.8	0	0	0.0	0	1	0.4	2	0	0	0.0	UnmarkedThenConditions	30	417	0	417	0	0	0	0
C11235800	292	5	0	3	54	88	65.8	0	0	0.0	0	2	0.4	1	0	0	0.0	UnmarkedThenConditions	18	293	0	293	0	0	0	0
C11235801	293	5	0	3	45	85	64.0	0	0	0.0	0	2	0.4	1	0	0	0.0	UnmarkedThenConditions	18	307	0	307	0	0	0	0
C11235802	298	5	0	3	57	102	71.6	0	0	0.0	0	3	0.6	1	0	0	0.0	UnmarkedThenConditions	15	298	0	298	0	0	0	0
C11235803	437	5	0	5	72	131	98.4	0	0	0.0	0	1	0.4	2	0	0	0.0	UnmarkedThenConditions	27	437	0	437	0	0	0	0
C11235813	246	5	5	3	52	78	67.6	5	5	5.0	0	1	0.2	1	3	19	10.92	UnmarkedThenConditions	111	559	0	564	5	39	195	70.2
C11235831	250	5	5	3	62	64	63.2	5	5	5.0	0	0	0.0	0	5	19	10.32	UnmarkedThenConditions	73	597	0	598	1	126	126	126.0
C11235834	252	5	5	3	58	70	63.6	5	5	5.0	0	1	0.2	1	3	22	10.48	UnmarkedThenConditions	66	496	0	501	5	69	125	85.0
C11235847	248	5	5	3	56	81	65.0	5	5	5.0	0	1	0.2	1	6	18	11.24	UnmarkedThenConditions	31	250	0	252	2	3	86	44.5
C11235882	281	5	5	4	58	107	73.4	5	5	5.0	0	0	0.0	0	6	51	12.68	UnmarkedThenConditions	84	550	0	552	1	444	444	444.0
C11235889	267	5	5	3	50	86	64.2	5	5	5.0	0	0	0.0	0	5	25	10.88	UnmarkedThenConditions	95	699	0	714	9	22	166	71.55555555555556
C11235897	238	5	5	3	47	79	62.4	5	5	5.0	0	1	0.2	1	4	17	10.48	UnmarkedThenConditions	35	289	0	290	1	232	232	232.0
C11235899	292	5	5	4	51	86	72.8	5	5	5.0	0	0	0.0	0	6	41	12.56	UnmarkedThenConditions	76	528	0	536	3	5	232	127.66666666666667
C11235901	254	5	5	3	57	69	62.2	5	5	5.0	0	1	0.2	1	6	23	10.24	UnmarkedThenConditions	101	621	0	630	8	8	109	56.375
C11235902	270	5	5	4	56	87	68.2	5	5	5.0	0	1	0.2	1	5	30	11.96	UnmarkedThenConditions	69	478	0	483	4	72	178	98.5
C11236089	249	5	10	3	53	76	61.6	10	10	10.0	0	0	0.0	0	1	16	5.82	UnmarkedThenConditions	83	550	0	558	8	6	170	62.0
C11236113	248	5	10	3	57	75	64.8	10	10	10.0	0	1	0.2	1	2	16	5.92	UnmarkedThenConditions	54	379	0	383	4	24	92	58.5
C11236204	247	5	10	3	56	81	63.2	10	10	10.0	0	0	0.0	0	1	15	5.8	UnmarkedThenConditions	46	339	0	344	3	39	228	106.33333333333333
C11236370	251	5	10	3	53	76	63.0	10	10	10.0	0	0	0.0	0	2	21	5.78	UnmarkedThenConditions	95	639	0	653	11	2	184	54.09090909090909
C11236527	249	5	10	3	56	72	64.0	10	10	10.0	0	0	0.0	0	1	16	5.96	UnmarkedThenConditions	42	321	0	326	3	16	212	85.33333333333333
C11236686	250	5	10	3	49	78	64.8	10	10	10.0	0	0	0.0	0	0	18	5.98	UnmarkedThenConditions	44	328	0	332	4	22	85	54.25
C11237945	249	5	10	3	52	72	65.4	10	10	10.0	0	0	0.0	0	0	18	5.96	UnmarkedThenConditions	39	301	0	306	4	19	92	67.75
C11238478	265	5	10	4	58	82	67.0	10	10	10.0	0	1	0.2	1	2	22	6.22	UnmarkedThenConditions	72	513	0	521	8	21	25	23.0
C11238511	246	5	10	3	52	73	62.0	10	10	10.0	0	0	0.0	0	1	15	5.58	UnmarkedThenConditions	85	585	0	591	6	20	138	79.0
C11238725	248	5	10	3	53	74	64.0	10	10	10.0	0	0	0.0	0	0	15	5.5	UnmarkedThenConditions	60	467	0	473	5	2	153	77.2
C11269707	249	5	15	3	53	87	64.6	15	15	15.0	0	0	0.0	0	0	12	4.12	UnmarkedThenConditions	81	501	0	512	10	2	106	44.2
C11270808	250	5	15	3	56	74	64.8	15	15	15.0	0	1	0.2	1	0	12	4.04	UnmarkedThenConditions	96	673	0	682	7	24	154	84.71428571428571
C11295162	244	5	15	3	56	66	62.0	15	15	15.0	0	1	0.2	1	0	14	3.88	UnmarkedThenConditions	67	431	0	431	0	0	0	0
C11295598	247	5	15	3	57	67	63.6	15	15	15.0	0	0	0.0	0	1	11	4.053333333333334	UnmarkedThenConditions	56	380	0	385	5	35	159	70.2
C11305751	248	5	15	3	58	73	65.0	15	15	15.0	0	0	0.0	0	0	14	4.013333333333334	UnmarkedThenConditions	53	381	0	382	1	267	267	267.0
C11320592	248	5	15	3	53	78	65.0	15	15	15.0	0	0	0.0	0	0	10	4.0	UnmarkedThenConditions	59	438	0	444	5	35	138	80.0
C11340216	254	5	15	3	60	76	64.0	15	15	15.0	0	0	0.0	0	0	14	4.08	UnmarkedThenConditions	65	446	0	455	5	18	139	84.6
C11356971	250	5	15	3	56	77	64.2	15	15	15.0	0	0	0.0	0	0	21	4.066666666666666	UnmarkedThenConditions	43	280	0	285	4	20	129	67.25
C11362345	245	5	15	3	62	82	67.4	15	15	15.0	0	0	0.0	0	0	20	4.226666666666667	UnmarkedThenConditions	45	334	0	338	1	264	264	264.0
C11362705	251	5	15	3	59	67	63.0	15	15	15.0	0	0	0.0	0	0	23	4.093333333333334	UnmarkedThenConditions	59	389	0	389	0	0	0	0
C11362706	564	5	0	7	95	154	113.8	0	0	0.0	0	3	0.6	1	0	0	0.0	UnmarkedThenConditions	42	570	0	570	0	0	0	0
C11362707	522	5	0	8	106	173	126.4	0	0	0.0	0	1	0.4	2	0	0	0.0	UnmarkedThenConditions	47	529	0	529	0	0	0	0
C11362708	262	5	0	4	50	90	65.4	0	0	0.0	0	2	0.4	1	0	0	0.0	UnmarkedThenConditions	15	269	0	269	0	0	0	0
C11362709	525	5	0	7	96	168	119.6	0	0	0.0	0	1	0.4	2	0	0	0.0	UnmarkedThenConditions	42	535	0	535	0	0	0	0
C11362710	436	5	0	7	78	131	99.4	0	0	0.0	0	1	0.4	2	0	0	0.0	UnmarkedThenConditions	38	444	0	444	0	0	0	0
C11362711	454	5	0	7	68	119	97.4	0	0	0.0	0	1	0.4	2	0	0	0.0	UnmarkedThenConditions	42	449	0	449	0	0	0	0
C11362712	555	5	0	7	98	160	114.0	0	0	0.0	0	2	0.6	2	0	0	0.0	UnmarkedThenConditions	52	558	0	558	0	0	0	0
C11362713	367	5	0	6	49	96	70.2	0	0	0.0	0	2	0.4	1	0	0	0.0	UnmarkedThenConditions	23	366	0	366	0	0	0	0
C11362714	536	5	0	9	85	142	114.2	0	0	0.0	0	1	0.4	2	0	0	0.0	UnmarkedThenConditions	40	563	0	563	0	0	0	0
C11362715	520	5	0	7	93	137	113.0	0	0	0.0	0	1	0.4	2	0	0	0.0	UnmarkedThenConditions	60	517	0	517	0	0	0	0
C11362716	259	5	5	4	50	74	64.6	5	5	5.0	0	0	0.0	0	6	24	11.36	UnmarkedThenConditions	57	433	0	439	5	2	127	76.2
C11362728	272	5	5	4	45	79	67.8	5	5	5.0	0	1	0.2	1	5	21	11.04	UnmarkedThenConditions	55	457	0	461	4	60	74	70.5
C11362729	264	5	5	4	52	73	65.8	5	5	5.0	0	1	0.2	1	5	19	10.52	UnmarkedThenConditions	67	525	0	531	6	27	111	75.0
C11362737	306	5	5	6	52	81	71.6	5	5	5.0	0	1	0.4	2	3	20	9.72	UnmarkedThenConditions	64	575	0	581	6	35	71	47.0
C11362741	295	5	5	5	58	86	73.8	5	5	5.0	0	1	0.2	1	5	36	12.44	UnmarkedThenConditions	125	886	0	894	4	77	319	197.5
C11362752	282	5	5	5	57	93	70.0	5	5	5.0	0	1	0.2	1	5	29	11.24	UnmarkedThenConditions	87	629	0	639	6	19	150	92.33333333333333
C11362759	282	5	5	6	57	84	72.6	5	5	5.0	0	0	0.0	0	4	30	12.0	UnmarkedThenConditions	54	423	0	430	3	10	271	113.33333333333333
C11362766	265	5	5	4	46	84	66.2	5	5	5.0	0	0	0.0	0	5	25	11.32	UnmarkedThenConditions	54	400	0	405	5	14	156	70.0
C11362769	264	5	5	4	56	78	65.4	5	5	5.0	0	0	0.0	0	6	26	11.76	UnmarkedThenConditions	92	625	0	637	10	12	108	58.8
C11362770	256	5	5	4	53	89	67.6	5	5	5.0	0	2	0.4	1	7	19	10.88	UnmarkedThenConditions	77	683	0	690	5	6	234	122.4
C11363123	258	5	10	4	53	78	65.0	10	10	10.0	0	0	0.0	0	2	16	5.84	UnmarkedThenConditions	60	427	0	432	5	9	79	44.6
C11363207	259	5	10	4	59	68	63.2	10	10	10.0	0	0	0.0	0	0	14	5.9	UnmarkedThenConditions	41	279	0	282	3	4	218	77.33333333333333
C11363405	254	5	10	4	51	87	68.2	10	10	10.0	0	0	0.0	0	1	15	6.14	UnmarkedThenConditions	47	368	0	374	3	56	156	114.66666666666667
C11363513	248	5	10	4	56	70	63.2	10	10	10.0	0	0	0.0	0	2	17	5.84	UnmarkedThenConditions	83	609	0	616	7	57	192	76.28571428571429
C11363565	259	5	10	4	51	83	65.0	10	10	10.0	0	0	0.0	0	2	18	6.08	UnmarkedThenConditions	47	342	0	347	5	37	157	63.8
C11363769	257	5	10	4	51	75	64.6	10	10	10.0	0	1	0.2	1	1	17	5.84	UnmarkedThenConditions	64	469	0	473	4	52	52	52.0
C11363871	279	5	10	5	52	87	68.6	10	10	10.0	0	1	0.2	1	0	20	6.18	UnmarkedThenConditions	85	622	0	630	2	222	261	241.5
C11363881	282	5	10	5	56	95	71.2	10	10	10.0	0	0	0.0	0	2	45	6.68	UnmarkedThenConditions	135	900	0	911	6	4	290	146.33333333333334
C11364045	258	5	10	4	50	80	68.6	10	10	10.0	0	1	0.2	1	0	19	5.82	UnmarkedThenConditions	78	646	0	650	4	114	114	114.0
C11364139	255	5	10	4	57	80	67.4	10	10	10.0	0	0	0.0	0	0	15	6.24	UnmarkedThenConditions	105	793	0	805	7	17	190	103.14285714285714
C11365604	264	5	15	4	49	79	64.0	15	15	15.0	0	0	0.0	0	0	14	4.066666666666666	UnmarkedThenConditions	72	451	0	460	7	16	68	39.42857142857143
C11381244	255	5	15	4	54	91	64.2	15	15	15.0	0	0	0.0	0	1	19	4.04	UnmarkedThenConditions	77	494	0	501	3	8	332	158.0
C11387360	259	5	15	4	54	86	66.2	15	15	15.0	0	0	0.0	0	1	15	4.213333333333333	UnmarkedThenConditions	58	378	0	383	5	9	59	29.0
C11393386	286	5	15	5	58	75	68.4	15	15	15.0	0	1	0.2	1	0	21	4.293333333333333	UnmarkedThenConditions	74	445	0	450	4	60	196	94.0
C11405359	254	5	15	4	56	80	66.4	15	15	15.0	0	0	0.0	0	0	14	4.2	UnmarkedThenConditions	169	1162	0	1182	12	10	293	94.25
C11421447	263	5	15	4	61	70	64.2	15	15	15.0	0	0	0.0	0	0	15	3.96	UnmarkedThenConditions	48	310	0	317	5	4	173	52.8
C11422335	259	5	15	4	50	77	63.2	15	15	15.0	0	0	0.0	0	0	12	4.08	UnmarkedThenConditions	50	314	0	318	3	32	198	89.66666666666667
C11429254	256	5	15	4	57	74	65.0	15	15	15.0	0	0	0.0	0	0	15	4.066666666666666	UnmarkedThenConditions	60	382	0	387	2	3	364	183.5
C11441074	261	5	15	4	58	75	66.4	15	15	15.0	0	0	0.0	0	0	14	4.1066666666666665	UnmarkedThenConditions	67	438	0	445	4	3	190	104.25
C11444018	253	5	15	4	55	75	66.2	15	15	15.0	0	1	0.2	1	0	15	4.066666666666666	UnmarkedThenConditions	90	642	0	649	6	16	167	98.66666666666667
C11444019	811	5	0	15	131	233	184.2	0	0	0.0	0	1	0.6	3	0	0	0.0	UnmarkedThenConditions	120	816	0	816	0	0	0	0
C11444020	441	5	0	9	75	115	101.8	0	0	0.0	0	1	0.4	2	0	0	0.0	UnmarkedThenConditions	49	456	0	456	0	0	0	0
C11444021	289	5	0	5	50	79	70.8	0	0	0.0	0	2	0.4	1	0	0	0.0	UnmarkedThenConditions	29	298	0	298	0	0	0	0
C11444022	537	5	0	9	94	205	125.2	0	0	0.0	0	5	1.0	1	0	0	0.0	UnmarkedThenConditions	56	534	0	534	0	0	0	0
C11444023	966	5	0	15	86	325	145.8	0	0	0.0	0	11	2.2	1	0	0	0.0	UnmarkedThenConditions	97	989	0	989	0	0	0	0
C11444024	636	5	0	11	108	160	135.8	0	0	0.0	0	1	0.4	2	0	0	0.0	UnmarkedThenConditions	82	649	0	649	0	0	0	0
C11444025	738	5	0	11	130	222	163.0	0	0	0.0	0	2	0.6	2	0	0	0.0	UnmarkedThenConditions	88	754	0	754	0	0	0	0
C11444026	342	5	0	7	55	98	71.8	0	0	0.0	0	1	0.2	1	0	0	0.0	UnmarkedThenConditions	31	359	0	359	0	0	0	0
C11444027	753	5	0	11	105	221	166.2	0	0	0.0	0	3	0.8	2	0	0	0.0	UnmarkedThenConditions	82	752	0	752	0	0	0	0
C11444028	330	5	0	5	54	116	71.4	0	0	0.0	0	2	0.4	1	0	0	0.0	UnmarkedThenConditions	30	332	0	332	0	0	0	0
C11444030	275	5	5	5	55	74	69.2	5	5	5.0	0	1	0.2	1	5	22	11.16	UnmarkedThenConditions	112	477	0	484	6	30	107	69.0
C11444033	279	5	5	5	58	77	67.0	5	5	5.0	0	0	0.0	0	6	22	11.64	UnmarkedThenConditions	112	380	0	385	4	35	58	44.25
C11444043	270	5	5	5	48	79	66.6	5	5	5.0	0	1	0.2	1	3	24	11.28	UnmarkedThenConditions	161	569	0	575	5	53	200	101.4
C11444046	286	5	5	5	55	100	72.4	5	5	5.0	0	0	0.0	0	5	28	12.16	UnmarkedThenConditions	111	578	0	590	12	3	108	44.333333333333336
C11444048	273	5	5	5	50	73	63.0	5	5	5.0	0	1	0.2	1	2	20	11.16	UnmarkedThenConditions	272	1223	0	1241	18	2	192	61.77777777777778
C11444065	314	5	5	6	53	99	73.4	5	5	5.0	0	1	0.4	2	4	29	11.12	UnmarkedThenConditions	128	858	0	870	12	3	167	62.333333333333336
C11444075	320	5	5	6	66	93	79.2	5	5	5.0	0	0	0.0	0	4	40	14.12	UnmarkedThenConditions	183	644	0	649	5	45	122	75.8
C11444081	312	5	5	6	65	98	78.4	5	5	5.0	0	0	0.0	0	4	46	14.04	UnmarkedThenConditions	113	388	0	393	3	19	277	119.0
C11444093	277	5	5	5	54	75	67.4	5	5	5.0	0	1	0.2	1	6	24	11.32	UnmarkedThenConditions	107	623	0	630	7	12	146	72.57142857142857
C11444102	271	5	5	5	57	80	68.0	5	5	5.0	0	1	0.2	1	6	30	11.24	UnmarkedThenConditions	158	764	0	773	6	37	324	119.66666666666667
C11444182	277	5	10	5	63	79	68.0	10	10	10.0	0	1	0.2	1	1	17	6.18	UnmarkedThenConditions	69	472	0	481	7	6	127	61.57142857142857
C11444275	296	5	10	6	69	74	70.8	10	10	10.0	0	0	0.0	0	1	23	6.5	UnmarkedThenConditions	122	703	0	713	10	19	121	47.2
C11444349	270	5	10	5	62	79	67.0	10	10	10.0	0	0	0.0	0	1	14	5.96	UnmarkedThenConditions	64	471	0	479	5	20	169	76.2
C11444459	267	5	10	5	63	77	67.0	10	10	10.0	0	0	0.0	0	1	15	6.14	UnmarkedThenConditions	60	368	0	375	5	22	150	60.0
C11444525	275	5	10	5	54	76	66.6	10	10	10.0	0	1	0.2	1	1	17	6.16	UnmarkedThenConditions	228	1173	0	1192	13	29	188	87.61538461538461
C11444590	304	5	10	6	64	90	73.4	10	10	10.0	0	0	0.0	0	2	26	6.98	UnmarkedThenConditions	192	1165	0	1177	4	10	552	272.75
C11444735	270	5	10	5	49	99	67.2	10	10	10.0	0	0	0.0	0	0	20	6.04	UnmarkedThenConditions	103	727	0	742	14	20	156	50.07142857142857
C11444823	273	5	10	5	57	75	67.4	10	10	10.0	0	1	0.2	1	2	18	6.26	UnmarkedThenConditions	250	1750	0	1778	14	12	413	118.07142857142857
C11444853	269	5	10	5	62	75	70.2	10	10	10.0	0	0	0.0	0	1	18	6.68	UnmarkedThenConditions	126	854	0	869	10	2	182	83.4
C11444861	264	5	10	5	57	76	67.8	10	10	10.0	0	0	0.0	0	1	18	6.22	UnmarkedThenConditions	133	631	0	636	4	93	324	150.75
C11446281	275	5	15	5	64	74	68.0	15	15	15.0	0	1	0.2	1	1	14	4.1466666666666665	UnmarkedThenConditions	84	583	0	591	8	27	296	60.625
C11451584	270	5	15	5	50	87	67.0	15	15	15.0	0	1	0.2	1	0	19	4.1466666666666665	UnmarkedThenConditions	130	802	0	815	7	19	186	105.28571428571429
C11456016	274	5	15	5	56	77	67.8	15	15	15.0	0	1	0.2	1	0	13	4.2	UnmarkedThenConditions	168	1022	0	1039	17	13	139	53.588235294117645
C11456569	267	5	15	5	60	75	66.6	15	15	15.0	0	1	0.2	1	0	16	4.12	UnmarkedThenConditions	166	670	0	683	7	20	191	89.42857142857143
C11456846	266	5	15	5	59	77	66.6	15	15	15.0	0	0	0.0	0	0	15	4.1866666666666665	UnmarkedThenConditions	108	661	0	670	7	8	115	85.85714285714286
C11458034	269	5	15	5	53	81	66.4	15	15	15.0	0	0	0.0	0	1	19	4.226666666666667	UnmarkedThenConditions	102	635	0	647	9	8	108	51.0
C11458795	273	5	15	5	51	92	67.8	15	15	15.0	0	1	0.2	1	0	14	4.1066666666666665	UnmarkedThenConditions	222	1405	0	1409	4	195	331	229.0
C11461096	264	5	15	5	59	74	66.2	15	15	15.0	0	0	0.0	0	0	13	4.253333333333333	UnmarkedThenConditions	64	409	0	418	6	2	284	66.66666666666667
C11464406	278	5	15	5	60	70	66.6	15	15	15.0	0	1	0.2	1	0	15	3.9466666666666668	UnmarkedThenConditions	75	494	0	497	2	30	327	178.5
C11466317	263	5	15	5	57	76	67.2	15	15	15.0	0	0	0.0	0	0	14	4.266666666666667	UnmarkedThenConditions	146	910	0	928	14	5	257	63.92857142857143
