id	numberOfActions	numberOfProcesses	numberOfProcedures	numberOfConditionals	minLengthOfProcesses	maxLengthOfProcesses	avgLengthOfProcesses	minNumberOfProceduresInProcesses	maxNumberOfProceduresInProcesses	avgNumberOfProceduresInProcesses	minNumberOfConditionalsInProcesses	maxNumberOfConditionalsInProcesses	avgNumberOfConditionalsInProcesses	numberOfProcessesWithConditionals	minProcedureLengthInProcesses	maxProcedureLengthInProcesses	avgProcedureLengthInProcesses	strategy	time(msec)	nodes	badLoops	mainLength	numOfProcedures	minProcedureLength	maxProcedureLength	avgProcedureLength
C1	51	6	0	0	8	17	12.666666666666666	0	0	0.0	0	0	0.0	0	0	0	0.0	LongestFirst	2	51	0	51	0	0	0	0
C2	51	6	0	0	6	15	11.333333333333334	0	0	0.0	0	0	0.0	0	0	0	0.0	LongestFirst	1	51	0	51	0	0	0	0
C3	51	6	0	0	10	15	12.5	0	0	0.0	0	0	0.0	0	0	0	0.0	LongestFirst	2	51	0	51	0	0	0	0
C4	51	6	0	0	4	16	11.666666666666666	0	0	0.0	0	0	0.0	0	0	0	0.0	LongestFirst	2	51	0	51	0	0	0	0
C5	51	6	0	0	11	16	13.166666666666666	0	0	0.0	0	0	0.0	0	0	0	0.0	LongestFirst	1	51	0	51	0	0	0	0
C6	51	6	0	0	9	15	12.666666666666666	0	0	0.0	0	0	0.0	0	0	0	0.0	LongestFirst	2	51	0	51	0	0	0	0
C7	51	6	0	0	7	18	12.5	0	0	0.0	0	0	0.0	0	0	0	0.0	LongestFirst	2	51	0	51	0	0	0	0
C8	51	6	0	0	6	17	13.833333333333334	0	0	0.0	0	0	0.0	0	0	0	0.0	LongestFirst	1	51	0	51	0	0	0	0
C9	51	6	0	0	8	18	12.166666666666666	0	0	0.0	0	0	0.0	0	0	0	0.0	LongestFirst	2	51	0	51	0	0	0	0
C10	51	6	0	0	10	14	11.833333333333334	0	0	0.0	0	0	0.0	0	0	0	0.0	LongestFirst	1	51	0	51	0	0	0	0
C1001	1127	6	0	62	41	189	155.66666666666666	0	0	0.0	0	3	0.6666666666666666	2	0	0	0.0	LongestFirst	140	1166	0	1166	0	0	0	0
C1002	1883	6	0	89	41	301	126.5	0	0	0.0	0	8	1.5	2	0	0	0.0	LongestFirst	153	2073	0	2073	0	0	0	0
C1003	1477	6	0	77	56	305	138.0	0	0	0.0	0	3	0.8333333333333334	3	0	0	0.0	LongestFirst	129	1510	0	1510	0	0	0	0
C1004	1842	6	0	79	52	306	206.83333333333334	0	0	0.0	0	3	0.8333333333333334	2	0	0	0.0	LongestFirst	250	1939	0	1939	0	0	0	0
C1005	850	6	0	55	27	225	113.33333333333333	0	0	0.0	0	2	0.8333333333333334	3	0	0	0.0	LongestFirst	76	950	0	950	0	0	0	0
C1006	501	6	0	31	32	108	61.5	0	0	0.0	0	1	0.5	3	0	0	0.0	LongestFirst	36	543	0	543	0	0	0	0
C1007	967	6	0	63	3	119	54.833333333333336	0	0	0.0	0	3	0.8333333333333334	3	0	0	0.0	LongestFirst	57	1050	0	1050	0	0	0	0
C1008	1275	6	0	79	20	213	101.83333333333333	0	0	0.0	0	1	0.6666666666666666	4	0	0	0.0	LongestFirst	102	1342	0	1342	0	0	0	0
C1009	1316	6	0	135	21	80	50.666666666666664	0	0	0.0	0	2	0.6666666666666666	3	0	0	0.0	LongestFirst	46	1464	0	1464	0	0	0	0
C1010	1167	6	0	71	21	100	61.166666666666664	0	0	0.0	0	2	0.6666666666666666	3	0	0	0.0	LongestFirst	71	1310	0	1310	0	0	0	0
C1011	8461	6	0	659	90	520	343.3333333333333	0	0	0.0	0	3	1.1666666666666667	4	0	0	0.0	LongestFirst	521	9173	0	9173	0	0	0	0
C1012	50874	6	0	4679	94	1589	478.8333333333333	0	0	0.0	0	5	2.0	5	0	0	0.0	LongestFirst	4005	57136	0	57136	0	0	0	0
C1013	5429	6	0	527	31	524	224.5	0	0	0.0	0	5	2.1666666666666665	5	0	0	0.0	LongestFirst	439	6157	0	6157	0	0	0	0
C1014	11706	6	0	1139	92	711	414.5	0	0	0.0	0	5	1.6666666666666667	4	0	0	0.0	LongestFirst	1098	13446	0	13446	0	0	0	0
C1015	6255	6	0	529	148	973	411.6666666666667	0	0	0.0	0	2	1.1666666666666667	5	0	0	0.0	LongestFirst	627	6989	0	6989	0	0	0	0
C1016	7337	6	0	647	34	311	163.83333333333334	0	0	0.0	0	7	1.8333333333333333	4	0	0	0.0	LongestFirst	482	8779	0	8779	0	0	0	0
C1017	12464	6	0	1079	22	864	229.66666666666666	0	0	0.0	0	15	3.1666666666666665	5	0	0	0.0	LongestFirst	914	13080	0	13080	0	0	0	0
C1018	9060	6	0	879	107	935	350.5	0	0	0.0	0	5	1.3333333333333333	3	0	0	0.0	LongestFirst	713	9910	0	9910	0	0	0	0
C1019	11890	6	0	1007	47	1050	344.8333333333333	0	0	0.0	0	4	1.3333333333333333	4	0	0	0.0	LongestFirst	1053	12654	0	12654	0	0	0	0
C1020	6456	6	0	494	228	438	324.3333333333333	0	0	0.0	0	9	1.8333333333333333	3	0	0	0.0	LongestFirst	469	6897	0	6897	0	0	0	0
C1021	110387	6	0	12239	330	1752	688.1666666666666	0	0	0.0	0	5	2.6666666666666665	5	0	0	0.0	LongestFirst	8270	111043	0	111043	0	0	0	0
C1022	76412	6	0	9179	144	3492	1100.5	0	0	0.0	0	9	2.5	5	0	0	0.0	LongestFirst	7399	82484	0	82484	0	0	0	0
C1023	57817	6	0	7487	196	1021	537.1666666666666	0	0	0.0	1	7	3.0	6	0	0	0.0	LongestFirst	3562	67656	0	67656	0	0	0	0
C1024	99999	6	0	10607	72	7063	2272.5	0	0	0.0	1	5	2.0	6	0	0	0.0	LongestFirst	11762	113767	0	113767	0	0	0	0
C1025	40683	6	0	5039	47	3640	1005.1666666666666	0	0	0.0	0	11	3.1666666666666665	5	0	0	0.0	LongestFirst	4097	42825	0	42825	0	0	0	0
C1026	45583	6	0	5471	265	1176	474.3333333333333	0	0	0.0	0	17	3.6666666666666665	5	0	0	0.0	LongestFirst	2902	49869	0	49869	0	0	0	0
C1027	55669	6	0	5781	655	5806	1960.5	0	0	0.0	0	6	2.0	5	0	0	0.0	LongestFirst	6006	58140	0	58140	0	0	0	0
C1028	105213	6	0	13529	105	1851	919.1666666666666	0	0	0.0	0	4	1.8333333333333333	5	0	0	0.0	LongestFirst	10277	116474	0	116474	0	0	0	0
C1029	124055	6	0	10367	205	4300	2009.0	0	0	0.0	0	11	3.6666666666666665	4	0	0	0.0	LongestFirst	14564	138187	0	138187	0	0	0	0
C1030	27743	6	0	3455	79	921	451.0	0	0	0.0	0	5	2.3333333333333335	4	0	0	0.0	LongestFirst	1625	29096	0	29096	0	0	0	0
C1031	348784	6	0	59199	120	6060	1591.1666666666667	0	0	0.0	0	17	6.5	5	0	0	0.0	LongestFirst	152964	421905	0	421905	0	0	0	0
C1032	671359	6	0	95423	500	1624	918.8333333333334	0	0	0.0	0	11	4.5	5	0	0	0.0	LongestFirst	579205	776659	0	776659	0	0	0	0
C1033	283110	6	0	44267	393	5820	1661.0	0	0	0.0	0	29	7.0	5	0	0	0.0	LongestFirst	68183	312355	0	312355	0	0	0	0
C1034	55987	6	0	8975	0	1945	636.5	0	0	0.0	0	23	5.5	4	0	0	0.0	LongestFirst	3594	56881	0	56881	0	0	0	0
C1035	449895	6	0	60527	760	7392	3362.3333333333335	0	0	0.0	0	11	4.333333333333333	5	0	0	0.0	LongestFirst	167082	500603	0	500603	0	0	0	0
C1036	275073	6	0	26111	404	4728	2177.3333333333335	0	0	0.0	0	11	4.0	4	0	0	0.0	LongestFirst	47404	294989	0	294989	0	0	0	0
C1037	307939	6	0	32831	1017	5972	3176.5	0	0	0.0	0	8	4.166666666666667	5	0	0	0.0	LongestFirst	64016	335611	0	335611	0	0	0	0
C1038	668952	6	0	74303	312	9219	3210.1666666666665	0	0	0.0	1	9	4.666666666666667	6	0	0	0.0	LongestFirst	318685	757260	0	757260	0	0	0	0
C1039	232991	6	0	33791	695	3510	1875.3333333333333	0	0	0.0	0	15	3.6666666666666665	4	0	0	0.0	LongestFirst	56897	270871	0	270871	0	0	0	0
C1040	97843	6	0	15039	213	1606	850.5	0	0	0.0	0	9	2.8333333333333335	4	0	0	0.0	LongestFirst	8724	123819	0	123819	0	0	0	0
