id	numberOfActions	numberOfProcesses	numberOfProcedures	numberOfConditionals	minLengthOfProcesses	maxLengthOfProcesses	avgLengthOfProcesses	minNumberOfProceduresInProcesses	maxNumberOfProceduresInProcesses	avgNumberOfProceduresInProcesses	minNumberOfConditionalsInProcesses	maxNumberOfConditionalsInProcesses	avgNumberOfConditionalsInProcesses	numberOfProcessesWithConditionals	minProcedureLengthInProcesses	maxProcedureLengthInProcesses	avgProcedureLengthInProcesses	strategy	time(msec)	nodes	badLoops	mainLength	numOfProcedures	minProcedureLength	maxProcedureLength	avgProcedureLength
C1	501	5	0	0	139	159	150.8	0	0	0.0	0	0	0.0	0	0	0	0.0	UnmarkedThenConditions	83	501	0	501	0	0	0	0
C2	501	5	0	0	136	174	149.8	0	0	0.0	0	0	0.0	0	0	0	0.0	UnmarkedThenConditions	88	501	0	501	0	0	0	0
C3	501	5	0	0	129	155	147.6	0	0	0.0	0	0	0.0	0	0	0	0.0	UnmarkedThenConditions	88	501	0	501	0	0	0	0
C4	501	5	0	0	129	160	147.8	0	0	0.0	0	0	0.0	0	0	0	0.0	UnmarkedThenConditions	84	501	0	501	0	0	0	0
C5	501	5	0	0	143	160	152.4	0	0	0.0	0	0	0.0	0	0	0	0.0	UnmarkedThenConditions	85	501	0	501	0	0	0	0
C6	501	5	0	0	132	173	147.0	0	0	0.0	0	0	0.0	0	0	0	0.0	UnmarkedThenConditions	86	501	0	501	0	0	0	0
C7	501	5	0	0	135	166	151.8	0	0	0.0	0	0	0.0	0	0	0	0.0	UnmarkedThenConditions	83	501	0	501	0	0	0	0
C8	501	5	0	0	138	159	149.4	0	0	0.0	0	0	0.0	0	0	0	0.0	UnmarkedThenConditions	83	501	0	501	0	0	0	0
C9	501	5	0	0	136	163	147.0	0	0	0.0	0	0	0.0	0	0	0	0.0	UnmarkedThenConditions	89	501	0	501	0	0	0	0
C10	501	5	0	0	140	157	147.4	0	0	0.0	0	0	0.0	0	0	0	0.0	UnmarkedThenConditions	90	501	0	501	0	0	0	0
C11	501	10	0	0	68	85	76.1	0	0	0.0	0	0	0.0	0	0	0	0.0	UnmarkedThenConditions	91	501	0	501	0	0	0	0
C12	501	10	0	0	66	89	76.3	0	0	0.0	0	0	0.0	0	0	0	0.0	UnmarkedThenConditions	82	501	0	501	0	0	0	0
C13	501	10	0	0	66	86	74.5	0	0	0.0	0	0	0.0	0	0	0	0.0	UnmarkedThenConditions	86	501	0	501	0	0	0	0
C14	501	10	0	0	64	82	74.1	0	0	0.0	0	0	0.0	0	0	0	0.0	UnmarkedThenConditions	86	501	0	501	0	0	0	0
C15	501	10	0	0	57	84	73.5	0	0	0.0	0	0	0.0	0	0	0	0.0	UnmarkedThenConditions	90	501	0	501	0	0	0	0
C16	501	10	0	0	62	94	74.6	0	0	0.0	0	0	0.0	0	0	0	0.0	UnmarkedThenConditions	84	501	0	501	0	0	0	0
C17	501	10	0	0	62	88	75.8	0	0	0.0	0	0	0.0	0	0	0	0.0	UnmarkedThenConditions	83	501	0	501	0	0	0	0
C18	501	10	0	0	65	84	74.6	0	0	0.0	0	0	0.0	0	0	0	0.0	UnmarkedThenConditions	86	501	0	501	0	0	0	0
C19	501	10	0	0	64	90	76.0	0	0	0.0	0	0	0.0	0	0	0	0.0	UnmarkedThenConditions	82	501	0	501	0	0	0	0
C20	501	10	0	0	67	86	74.4	0	0	0.0	0	0	0.0	0	0	0	0.0	UnmarkedThenConditions	104	501	0	501	0	0	0	0
C21	501	15	0	0	42	68	50.06666666666667	0	0	0.0	0	0	0.0	0	0	0	0.0	UnmarkedThenConditions	90	501	0	501	0	0	0	0
C22	501	15	0	0	29	57	49.333333333333336	0	0	0.0	0	0	0.0	0	0	0	0.0	UnmarkedThenConditions	88	501	0	501	0	0	0	0
C23	501	15	0	0	34	60	50.4	0	0	0.0	0	0	0.0	0	0	0	0.0	UnmarkedThenConditions	87	501	0	501	0	0	0	0
C24	501	15	0	0	32	60	49.13333333333333	0	0	0.0	0	0	0.0	0	0	0	0.0	UnmarkedThenConditions	90	501	0	501	0	0	0	0
C25	501	15	0	0	41	64	49.733333333333334	0	0	0.0	0	0	0.0	0	0	0	0.0	UnmarkedThenConditions	100	501	0	501	0	0	0	0
C26	501	15	0	0	40	64	50.86666666666667	0	0	0.0	0	0	0.0	0	0	0	0.0	UnmarkedThenConditions	83	501	0	501	0	0	0	0
C27	501	15	0	0	33	64	50.4	0	0	0.0	0	0	0.0	0	0	0	0.0	UnmarkedThenConditions	84	501	0	501	0	0	0	0
C28	501	15	0	0	42	58	49.266666666666666	0	0	0.0	0	0	0.0	0	0	0	0.0	UnmarkedThenConditions	88	501	0	501	0	0	0	0
C29	501	15	0	0	36	61	50.733333333333334	0	0	0.0	0	0	0.0	0	0	0	0.0	UnmarkedThenConditions	85	501	0	501	0	0	0	0
C30	501	15	0	0	37	61	48.86666666666667	0	0	0.0	0	0	0.0	0	0	0	0.0	UnmarkedThenConditions	89	501	0	501	0	0	0	0
C31	501	20	0	0	27	49	37.8	0	0	0.0	0	0	0.0	0	0	0	0.0	UnmarkedThenConditions	92	501	0	501	0	0	0	0
C32	501	20	0	0	28	47	37.95	0	0	0.0	0	0	0.0	0	0	0	0.0	UnmarkedThenConditions	85	501	0	501	0	0	0	0
C33	501	20	0	0	21	48	37.15	0	0	0.0	0	0	0.0	0	0	0	0.0	UnmarkedThenConditions	92	501	0	501	0	0	0	0
C34	501	20	0	0	29	50	37.75	0	0	0.0	0	0	0.0	0	0	0	0.0	UnmarkedThenConditions	88	501	0	501	0	0	0	0
C35	501	20	0	0	28	45	37.85	0	0	0.0	0	0	0.0	0	0	0	0.0	UnmarkedThenConditions	89	501	0	501	0	0	0	0
C36	501	20	0	0	26	58	37.35	0	0	0.0	0	0	0.0	0	0	0	0.0	UnmarkedThenConditions	94	501	0	501	0	0	0	0
C37	501	20	0	0	26	45	37.8	0	0	0.0	0	0	0.0	0	0	0	0.0	UnmarkedThenConditions	85	501	0	501	0	0	0	0
C38	501	20	0	0	28	46	37.6	0	0	0.0	0	0	0.0	0	0	0	0.0	UnmarkedThenConditions	86	501	0	501	0	0	0	0
C39	501	20	0	0	28	48	37.6	0	0	0.0	0	0	0.0	0	0	0	0.0	UnmarkedThenConditions	92	501	0	501	0	0	0	0
C40	501	20	0	0	28	55	38.1	0	0	0.0	0	0	0.0	0	0	0	0.0	UnmarkedThenConditions	85	501	0	501	0	0	0	0
C41	501	25	0	0	20	39	29.56	0	0	0.0	0	0	0.0	0	0	0	0.0	UnmarkedThenConditions	126	501	0	501	0	0	0	0
C42	501	25	0	0	17	46	30.2	0	0	0.0	0	0	0.0	0	0	0	0.0	UnmarkedThenConditions	124	501	0	501	0	0	0	0
C43	501	25	0	0	21	37	30.0	0	0	0.0	0	0	0.0	0	0	0	0.0	UnmarkedThenConditions	96	501	0	501	0	0	0	0
C44	501	25	0	0	22	41	30.12	0	0	0.0	0	0	0.0	0	0	0	0.0	UnmarkedThenConditions	92	501	0	501	0	0	0	0
C45	501	25	0	0	21	36	29.44	0	0	0.0	0	0	0.0	0	0	0	0.0	UnmarkedThenConditions	147	501	0	501	0	0	0	0
C46	501	25	0	0	20	38	29.56	0	0	0.0	0	0	0.0	0	0	0	0.0	UnmarkedThenConditions	131	501	0	501	0	0	0	0
C47	501	25	0	0	19	41	30.16	0	0	0.0	0	0	0.0	0	0	0	0.0	UnmarkedThenConditions	113	501	0	501	0	0	0	0
C48	501	25	0	0	20	40	29.84	0	0	0.0	0	0	0.0	0	0	0	0.0	UnmarkedThenConditions	123	501	0	501	0	0	0	0
C49	501	25	0	0	20	46	29.6	0	0	0.0	0	0	0.0	0	0	0	0.0	UnmarkedThenConditions	130	501	0	501	0	0	0	0
C50	501	25	0	0	22	39	29.92	0	0	0.0	0	0	0.0	0	0	0	0.0	UnmarkedThenConditions	108	501	0	501	0	0	0	0
C51	501	30	0	0	15	40	25.0	0	0	0.0	0	0	0.0	0	0	0	0.0	UnmarkedThenConditions	85	501	0	501	0	0	0	0
C52	501	30	0	0	18	37	25.0	0	0	0.0	0	0	0.0	0	0	0	0.0	UnmarkedThenConditions	97	501	0	501	0	0	0	0
C53	501	30	0	0	16	38	25.066666666666666	0	0	0.0	0	0	0.0	0	0	0	0.0	UnmarkedThenConditions	101	501	0	501	0	0	0	0
C54	501	30	0	0	19	31	24.633333333333333	0	0	0.0	0	0	0.0	0	0	0	0.0	UnmarkedThenConditions	91	501	0	501	0	0	0	0
C55	501	30	0	0	15	35	24.966666666666665	0	0	0.0	0	0	0.0	0	0	0	0.0	UnmarkedThenConditions	91	501	0	501	0	0	0	0
C56	501	30	0	0	18	37	25.466666666666665	0	0	0.0	0	0	0.0	0	0	0	0.0	UnmarkedThenConditions	90	501	0	501	0	0	0	0
C57	501	30	0	0	15	39	24.7	0	0	0.0	0	0	0.0	0	0	0	0.0	UnmarkedThenConditions	90	501	0	501	0	0	0	0
C58	501	30	0	0	17	35	24.866666666666667	0	0	0.0	0	0	0.0	0	0	0	0.0	UnmarkedThenConditions	91	501	0	501	0	0	0	0
C59	501	30	0	0	18	40	25.666666666666668	0	0	0.0	0	0	0.0	0	0	0	0.0	UnmarkedThenConditions	84	501	0	501	0	0	0	0
C60	501	30	0	0	14	34	25.066666666666666	0	0	0.0	0	0	0.0	0	0	0	0.0	UnmarkedThenConditions	85	501	0	501	0	0	0	0
C61	501	35	0	0	10	36	21.62857142857143	0	0	0.0	0	0	0.0	0	0	0	0.0	UnmarkedThenConditions	86	501	0	501	0	0	0	0
C62	501	35	0	0	14	29	21.37142857142857	0	0	0.0	0	0	0.0	0	0	0	0.0	UnmarkedThenConditions	88	501	0	501	0	0	0	0
C63	501	35	0	0	12	31	21.8	0	0	0.0	0	0	0.0	0	0	0	0.0	UnmarkedThenConditions	126	501	0	501	0	0	0	0
C64	501	35	0	0	10	32	20.914285714285715	0	0	0.0	0	0	0.0	0	0	0	0.0	UnmarkedThenConditions	143	501	0	501	0	0	0	0
C65	501	35	0	0	13	29	21.457142857142856	0	0	0.0	0	0	0.0	0	0	0	0.0	UnmarkedThenConditions	170	501	0	501	0	0	0	0
C66	501	35	0	0	14	32	21.37142857142857	0	0	0.0	0	0	0.0	0	0	0	0.0	UnmarkedThenConditions	148	501	0	501	0	0	0	0
C67	501	35	0	0	15	30	21.457142857142856	0	0	0.0	0	0	0.0	0	0	0	0.0	UnmarkedThenConditions	102	501	0	501	0	0	0	0
C68	501	35	0	0	11	30	21.65714285714286	0	0	0.0	0	0	0.0	0	0	0	0.0	UnmarkedThenConditions	128	501	0	501	0	0	0	0
C69	501	35	0	0	7	30	21.17142857142857	0	0	0.0	0	0	0.0	0	0	0	0.0	UnmarkedThenConditions	94	501	0	501	0	0	0	0
C70	501	35	0	0	11	29	21.514285714285716	0	0	0.0	0	0	0.0	0	0	0	0.0	UnmarkedThenConditions	89	501	0	501	0	0	0	0
C71	501	40	0	0	10	28	18.625	0	0	0.0	0	0	0.0	0	0	0	0.0	UnmarkedThenConditions	92	501	0	501	0	0	0	0
C72	501	40	0	0	10	32	18.9	0	0	0.0	0	0	0.0	0	0	0	0.0	UnmarkedThenConditions	87	501	0	501	0	0	0	0
C73	501	40	0	0	8	30	18.975	0	0	0.0	0	0	0.0	0	0	0	0.0	UnmarkedThenConditions	87	501	0	501	0	0	0	0
C74	501	40	0	0	11	29	18.6	0	0	0.0	0	0	0.0	0	0	0	0.0	UnmarkedThenConditions	92	501	0	501	0	0	0	0
C75	501	40	0	0	11	29	18.95	0	0	0.0	0	0	0.0	0	0	0	0.0	UnmarkedThenConditions	88	501	0	501	0	0	0	0
C76	501	40	0	0	11	28	18.575	0	0	0.0	0	0	0.0	0	0	0	0.0	UnmarkedThenConditions	93	501	0	501	0	0	0	0
C77	501	40	0	0	10	29	18.575	0	0	0.0	0	0	0.0	0	0	0	0.0	UnmarkedThenConditions	91	501	0	501	0	0	0	0
C78	501	40	0	0	10	27	18.75	0	0	0.0	0	0	0.0	0	0	0	0.0	UnmarkedThenConditions	89	501	0	501	0	0	0	0
C79	501	40	0	0	12	29	18.75	0	0	0.0	0	0	0.0	0	0	0	0.0	UnmarkedThenConditions	86	501	0	501	0	0	0	0
C80	501	40	0	0	10	34	18.625	0	0	0.0	0	0	0.0	0	0	0	0.0	UnmarkedThenConditions	87	501	0	501	0	0	0	0
C81	501	45	0	0	9	26	16.466666666666665	0	0	0.0	0	0	0.0	0	0	0	0.0	UnmarkedThenConditions	91	501	0	501	0	0	0	0
C82	501	45	0	0	10	27	16.88888888888889	0	0	0.0	0	0	0.0	0	0	0	0.0	UnmarkedThenConditions	88	501	0	501	0	0	0	0
C83	501	45	0	0	8	27	17.155555555555555	0	0	0.0	0	0	0.0	0	0	0	0.0	UnmarkedThenConditions	86	501	0	501	0	0	0	0
C84	501	45	0	0	10	24	16.555555555555557	0	0	0.0	0	0	0.0	0	0	0	0.0	UnmarkedThenConditions	89	501	0	501	0	0	0	0
C85	501	45	0	0	8	26	16.866666666666667	0	0	0.0	0	0	0.0	0	0	0	0.0	UnmarkedThenConditions	89	501	0	501	0	0	0	0
C86	501	45	0	0	9	35	16.4	0	0	0.0	0	0	0.0	0	0	0	0.0	UnmarkedThenConditions	89	501	0	501	0	0	0	0
C87	501	45	0	0	8	24	16.533333333333335	0	0	0.0	0	0	0.0	0	0	0	0.0	UnmarkedThenConditions	107	501	0	501	0	0	0	0
C88	501	45	0	0	7	24	16.77777777777778	0	0	0.0	0	0	0.0	0	0	0	0.0	UnmarkedThenConditions	90	501	0	501	0	0	0	0
C89	501	45	0	0	8	29	17.2	0	0	0.0	0	0	0.0	0	0	0	0.0	UnmarkedThenConditions	87	501	0	501	0	0	0	0
C90	501	45	0	0	7	25	16.355555555555554	0	0	0.0	0	0	0.0	0	0	0	0.0	UnmarkedThenConditions	95	501	0	501	0	0	0	0
C91	501	6	0	0	117	139	124.5	0	0	0.0	0	0	0.0	0	0	0	0.0	UnmarkedThenConditions	91	501	0	501	0	0	0	0
C92	501	6	0	0	116	135	126.0	0	0	0.0	0	0	0.0	0	0	0	0.0	UnmarkedThenConditions	97	501	0	501	0	0	0	0
C93	501	6	0	0	107	135	126.16666666666667	0	0	0.0	0	0	0.0	0	0	0	0.0	UnmarkedThenConditions	92	501	0	501	0	0	0	0
C94	501	6	0	0	114	133	123.5	0	0	0.0	0	0	0.0	0	0	0	0.0	UnmarkedThenConditions	91	501	0	501	0	0	0	0
C95	501	6	0	0	98	138	123.0	0	0	0.0	0	0	0.0	0	0	0	0.0	UnmarkedThenConditions	94	501	0	501	0	0	0	0
C96	501	6	0	0	117	133	126.16666666666667	0	0	0.0	0	0	0.0	0	0	0	0.0	UnmarkedThenConditions	89	501	0	501	0	0	0	0
C97	501	6	0	0	110	139	124.16666666666667	0	0	0.0	0	0	0.0	0	0	0	0.0	UnmarkedThenConditions	92	501	0	501	0	0	0	0
C98	501	6	0	0	106	132	123.0	0	0	0.0	0	0	0.0	0	0	0	0.0	UnmarkedThenConditions	94	501	0	501	0	0	0	0
C99	501	6	0	0	115	144	126.5	0	0	0.0	0	0	0.0	0	0	0	0.0	UnmarkedThenConditions	90	501	0	501	0	0	0	0
C100	501	6	0	0	114	140	126.5	0	0	0.0	0	0	0.0	0	0	0	0.0	UnmarkedThenConditions	93	501	0	501	0	0	0	0
C101	501	55	0	0	7	25	13.727272727272727	0	0	0.0	0	0	0.0	0	0	0	0.0	UnmarkedThenConditions	92	501	0	501	0	0	0	0
C102	501	55	0	0	7	21	13.49090909090909	0	0	0.0	0	0	0.0	0	0	0	0.0	UnmarkedThenConditions	95	501	0	501	0	0	0	0
C103	501	55	0	0	8	24	13.781818181818181	0	0	0.0	0	0	0.0	0	0	0	0.0	UnmarkedThenConditions	91	501	0	501	0	0	0	0
C104	501	55	0	0	7	25	13.690909090909091	0	0	0.0	0	0	0.0	0	0	0	0.0	UnmarkedThenConditions	91	501	0	501	0	0	0	0
C105	501	55	0	0	8	25	13.8	0	0	0.0	0	0	0.0	0	0	0	0.0	UnmarkedThenConditions	94	501	0	501	0	0	0	0
C106	501	55	0	0	7	20	13.49090909090909	0	0	0.0	0	0	0.0	0	0	0	0.0	UnmarkedThenConditions	97	501	0	501	0	0	0	0
C107	501	55	0	0	7	24	13.836363636363636	0	0	0.0	0	0	0.0	0	0	0	0.0	UnmarkedThenConditions	91	501	0	501	0	0	0	0
C108	501	55	0	0	6	21	13.327272727272728	0	0	0.0	0	0	0.0	0	0	0	0.0	UnmarkedThenConditions	99	501	0	501	0	0	0	0
C109	501	55	0	0	5	19	13.163636363636364	0	0	0.0	0	0	0.0	0	0	0	0.0	UnmarkedThenConditions	95	501	0	501	0	0	0	0
C110	501	55	0	0	7	19	13.309090909090909	0	0	0.0	0	0	0.0	0	0	0	0.0	UnmarkedThenConditions	97	501	0	501	0	0	0	0
C111	501	60	0	0	5	21	12.433333333333334	0	0	0.0	0	0	0.0	0	0	0	0.0	UnmarkedThenConditions	144	501	0	501	0	0	0	0
C112	501	60	0	0	5	22	12.666666666666666	0	0	0.0	0	0	0.0	0	0	0	0.0	UnmarkedThenConditions	96	501	0	501	0	0	0	0
C113	501	60	0	0	5	23	12.45	0	0	0.0	0	0	0.0	0	0	0	0.0	UnmarkedThenConditions	148	501	0	501	0	0	0	0
C114	501	60	0	0	6	20	12.233333333333333	0	0	0.0	0	0	0.0	0	0	0	0.0	UnmarkedThenConditions	142	501	0	501	0	0	0	0
C115	501	60	0	0	7	19	12.233333333333333	0	0	0.0	0	0	0.0	0	0	0	0.0	UnmarkedThenConditions	160	501	0	501	0	0	0	0
C116	501	60	0	0	6	25	12.683333333333334	0	0	0.0	0	0	0.0	0	0	0	0.0	UnmarkedThenConditions	168	501	0	501	0	0	0	0
C117	501	60	0	0	3	22	12.416666666666666	0	0	0.0	0	0	0.0	0	0	0	0.0	UnmarkedThenConditions	191	501	0	501	0	0	0	0
C118	501	60	0	0	5	19	12.316666666666666	0	0	0.0	0	0	0.0	0	0	0	0.0	UnmarkedThenConditions	169	501	0	501	0	0	0	0
C119	501	60	0	0	5	20	12.6	0	0	0.0	0	0	0.0	0	0	0	0.0	UnmarkedThenConditions	112	501	0	501	0	0	0	0
C120	501	60	0	0	6	22	12.833333333333334	0	0	0.0	0	0	0.0	0	0	0	0.0	UnmarkedThenConditions	135	501	0	501	0	0	0	0
C121	501	65	0	0	5	19	11.661538461538461	0	0	0.0	0	0	0.0	0	0	0	0.0	UnmarkedThenConditions	98	501	0	501	0	0	0	0
C122	501	65	0	0	4	21	11.753846153846155	0	0	0.0	0	0	0.0	0	0	0	0.0	UnmarkedThenConditions	94	501	0	501	0	0	0	0
C123	501	65	0	0	4	20	11.461538461538462	0	0	0.0	0	0	0.0	0	0	0	0.0	UnmarkedThenConditions	106	501	0	501	0	0	0	0
C124	501	65	0	0	6	23	11.323076923076924	0	0	0.0	0	0	0.0	0	0	0	0.0	UnmarkedThenConditions	106	501	0	501	0	0	0	0
C125	501	65	0	0	4	22	11.76923076923077	0	0	0.0	0	0	0.0	0	0	0	0.0	UnmarkedThenConditions	101	501	0	501	0	0	0	0
C126	501	65	0	0	4	21	11.36923076923077	0	0	0.0	0	0	0.0	0	0	0	0.0	UnmarkedThenConditions	103	501	0	501	0	0	0	0
C127	501	65	0	0	4	20	11.323076923076924	0	0	0.0	0	0	0.0	0	0	0	0.0	UnmarkedThenConditions	103	501	0	501	0	0	0	0
C128	501	65	0	0	5	21	11.523076923076923	0	0	0.0	0	0	0.0	0	0	0	0.0	UnmarkedThenConditions	104	501	0	501	0	0	0	0
C129	501	65	0	0	3	21	11.523076923076923	0	0	0.0	0	0	0.0	0	0	0	0.0	UnmarkedThenConditions	96	501	0	501	0	0	0	0
C130	501	65	0	0	3	21	11.753846153846155	0	0	0.0	0	0	0.0	0	0	0	0.0	UnmarkedThenConditions	96	501	0	501	0	0	0	0
C131	501	70	0	0	6	19	10.614285714285714	0	0	0.0	0	0	0.0	0	0	0	0.0	UnmarkedThenConditions	95	501	0	501	0	0	0	0
C132	501	70	0	0	3	18	10.7	0	0	0.0	0	0	0.0	0	0	0	0.0	UnmarkedThenConditions	98	501	0	501	0	0	0	0
C133	501	70	0	0	5	19	10.785714285714286	0	0	0.0	0	0	0.0	0	0	0	0.0	UnmarkedThenConditions	103	501	0	501	0	0	0	0
C134	501	70	0	0	1	17	10.5	0	0	0.0	0	0	0.0	0	0	0	0.0	UnmarkedThenConditions	103	501	0	501	0	0	0	0
C135	501	70	0	0	6	18	10.771428571428572	0	0	0.0	0	0	0.0	0	0	0	0.0	UnmarkedThenConditions	99	501	0	501	0	0	0	0
C136	501	70	0	0	5	17	10.5	0	0	0.0	0	0	0.0	0	0	0	0.0	UnmarkedThenConditions	97	501	0	501	0	0	0	0
C137	501	70	0	0	4	17	10.6	0	0	0.0	0	0	0.0	0	0	0	0.0	UnmarkedThenConditions	97	501	0	501	0	0	0	0
C138	501	70	0	0	6	18	10.642857142857142	0	0	0.0	0	0	0.0	0	0	0	0.0	UnmarkedThenConditions	106	501	0	501	0	0	0	0
C139	501	70	0	0	2	18	10.842857142857143	0	0	0.0	0	0	0.0	0	0	0	0.0	UnmarkedThenConditions	93	501	0	501	0	0	0	0
C140	501	70	0	0	3	17	10.685714285714285	0	0	0.0	0	0	0.0	0	0	0	0.0	UnmarkedThenConditions	97	501	0	501	0	0	0	0
C141	501	75	0	0	1	18	10.04	0	0	0.0	0	0	0.0	0	0	0	0.0	UnmarkedThenConditions	100	501	0	501	0	0	0	0
C142	501	75	0	0	3	19	9.986666666666666	0	0	0.0	0	0	0.0	0	0	0	0.0	UnmarkedThenConditions	98	501	0	501	0	0	0	0
C143	501	75	0	0	2	19	9.866666666666667	0	0	0.0	0	0	0.0	0	0	0	0.0	UnmarkedThenConditions	103	501	0	501	0	0	0	0
C144	501	75	0	0	3	17	10.013333333333334	0	0	0.0	0	0	0.0	0	0	0	0.0	UnmarkedThenConditions	102	501	0	501	0	0	0	0
C145	501	75	0	0	4	25	9.986666666666666	0	0	0.0	0	0	0.0	0	0	0	0.0	UnmarkedThenConditions	121	501	0	501	0	0	0	0
C146	501	75	0	0	2	18	9.96	0	0	0.0	0	0	0.0	0	0	0	0.0	UnmarkedThenConditions	103	501	0	501	0	0	0	0
C147	501	75	0	0	3	18	9.746666666666666	0	0	0.0	0	0	0.0	0	0	0	0.0	UnmarkedThenConditions	104	501	0	501	0	0	0	0
C148	501	75	0	0	5	18	9.853333333333333	0	0	0.0	0	0	0.0	0	0	0	0.0	UnmarkedThenConditions	101	501	0	501	0	0	0	0
C149	501	75	0	0	2	19	9.88	0	0	0.0	0	0	0.0	0	0	0	0.0	UnmarkedThenConditions	100	501	0	501	0	0	0	0
C150	501	75	0	0	5	18	10.04	0	0	0.0	0	0	0.0	0	0	0	0.0	UnmarkedThenConditions	104	501	0	501	0	0	0	0
C151	501	80	0	0	2	18	9.3125	0	0	0.0	0	0	0.0	0	0	0	0.0	UnmarkedThenConditions	106	501	0	501	0	0	0	0
C152	501	80	0	0	3	18	9.525	0	0	0.0	0	0	0.0	0	0	0	0.0	UnmarkedThenConditions	102	501	0	501	0	0	0	0
C153	501	80	0	0	3	16	9.2375	0	0	0.0	0	0	0.0	0	0	0	0.0	UnmarkedThenConditions	101	501	0	501	0	0	0	0
C154	501	80	0	0	3	18	9.35	0	0	0.0	0	0	0.0	0	0	0	0.0	UnmarkedThenConditions	107	501	0	501	0	0	0	0
C155	501	80	0	0	3	18	9.4625	0	0	0.0	0	0	0.0	0	0	0	0.0	UnmarkedThenConditions	111	501	0	501	0	0	0	0
C156	501	80	0	0	4	19	9.575	0	0	0.0	0	0	0.0	0	0	0	0.0	UnmarkedThenConditions	106	501	0	501	0	0	0	0
C157	501	80	0	0	3	16	9.45	0	0	0.0	0	0	0.0	0	0	0	0.0	UnmarkedThenConditions	98	501	0	501	0	0	0	0
C158	501	80	0	0	3	16	9.575	0	0	0.0	0	0	0.0	0	0	0	0.0	UnmarkedThenConditions	101	501	0	501	0	0	0	0
C159	501	80	0	0	4	18	9.5375	0	0	0.0	0	0	0.0	0	0	0	0.0	UnmarkedThenConditions	103	501	0	501	0	0	0	0
C160	501	80	0	0	4	18	9.3	0	0	0.0	0	0	0.0	0	0	0	0.0	UnmarkedThenConditions	114	501	0	501	0	0	0	0
C161	501	85	0	0	2	15	8.729411764705882	0	0	0.0	0	0	0.0	0	0	0	0.0	UnmarkedThenConditions	101	501	0	501	0	0	0	0
C162	501	85	0	0	2	18	8.811764705882354	0	0	0.0	0	0	0.0	0	0	0	0.0	UnmarkedThenConditions	103	501	0	501	0	0	0	0
C163	501	85	0	0	2	17	8.929411764705883	0	0	0.0	0	0	0.0	0	0	0	0.0	UnmarkedThenConditions	101	501	0	501	0	0	0	0
C164	501	85	0	0	3	16	8.623529411764705	0	0	0.0	0	0	0.0	0	0	0	0.0	UnmarkedThenConditions	106	501	0	501	0	0	0	0
C165	501	85	0	0	1	16	8.894117647058824	0	0	0.0	0	0	0.0	0	0	0	0.0	UnmarkedThenConditions	105	501	0	501	0	0	0	0
C166	501	85	0	0	3	16	8.788235294117648	0	0	0.0	0	0	0.0	0	0	0	0.0	UnmarkedThenConditions	104	501	0	501	0	0	0	0
C167	501	85	0	0	2	18	8.976470588235294	0	0	0.0	0	0	0.0	0	0	0	0.0	UnmarkedThenConditions	102	501	0	501	0	0	0	0
C168	501	85	0	0	3	14	8.847058823529412	0	0	0.0	0	0	0.0	0	0	0	0.0	UnmarkedThenConditions	102	501	0	501	0	0	0	0
C169	501	85	0	0	3	16	8.870588235294118	0	0	0.0	0	0	0.0	0	0	0	0.0	UnmarkedThenConditions	98	501	0	501	0	0	0	0
C170	501	85	0	0	0	19	8.705882352941176	0	0	0.0	0	0	0.0	0	0	0	0.0	UnmarkedThenConditions	106	501	0	501	0	0	0	0
C171	501	90	0	0	2	19	8.433333333333334	0	0	0.0	0	0	0.0	0	0	0	0.0	UnmarkedThenConditions	109	501	0	501	0	0	0	0
C172	501	90	0	0	2	15	8.21111111111111	0	0	0.0	0	0	0.0	0	0	0	0.0	UnmarkedThenConditions	108	501	0	501	0	0	0	0
C173	501	90	0	0	2	19	8.311111111111112	0	0	0.0	0	0	0.0	0	0	0	0.0	UnmarkedThenConditions	113	501	0	501	0	0	0	0
C174	501	90	0	0	1	19	8.11111111111111	0	0	0.0	0	0	0.0	0	0	0	0.0	UnmarkedThenConditions	111	501	0	501	0	0	0	0
C175	501	90	0	0	1	18	8.166666666666666	0	0	0.0	0	0	0.0	0	0	0	0.0	UnmarkedThenConditions	108	501	0	501	0	0	0	0
C176	501	90	0	0	3	17	8.322222222222223	0	0	0.0	0	0	0.0	0	0	0	0.0	UnmarkedThenConditions	108	501	0	501	0	0	0	0
C177	501	90	0	0	3	15	8.366666666666667	0	0	0.0	0	0	0.0	0	0	0	0.0	UnmarkedThenConditions	111	501	0	501	0	0	0	0
C178	501	90	0	0	3	15	8.433333333333334	0	0	0.0	0	0	0.0	0	0	0	0.0	UnmarkedThenConditions	108	501	0	501	0	0	0	0
C179	501	90	0	0	2	20	8.466666666666667	0	0	0.0	0	0	0.0	0	0	0	0.0	UnmarkedThenConditions	108	501	0	501	0	0	0	0
C180	501	90	0	0	2	18	8.222222222222221	0	0	0.0	0	0	0.0	0	0	0	0.0	UnmarkedThenConditions	115	501	0	501	0	0	0	0
C181	501	95	0	0	3	15	7.88421052631579	0	0	0.0	0	0	0.0	0	0	0	0.0	UnmarkedThenConditions	105	501	0	501	0	0	0	0
C182	501	95	0	0	1	17	7.905263157894737	0	0	0.0	0	0	0.0	0	0	0	0.0	UnmarkedThenConditions	111	501	0	501	0	0	0	0
C183	501	95	0	0	2	15	8.16842105263158	0	0	0.0	0	0	0.0	0	0	0	0.0	UnmarkedThenConditions	100	501	0	501	0	0	0	0
C184	501	95	0	0	2	15	7.726315789473684	0	0	0.0	0	0	0.0	0	0	0	0.0	UnmarkedThenConditions	108	501	0	501	0	0	0	0
C185	501	95	0	0	2	16	7.989473684210527	0	0	0.0	0	0	0.0	0	0	0	0.0	UnmarkedThenConditions	110	501	0	501	0	0	0	0
C186	501	95	0	0	1	16	7.7894736842105265	0	0	0.0	0	0	0.0	0	0	0	0.0	UnmarkedThenConditions	112	501	0	501	0	0	0	0
C187	501	95	0	0	1	17	7.978947368421053	0	0	0.0	0	0	0.0	0	0	0	0.0	UnmarkedThenConditions	106	501	0	501	0	0	0	0
C188	501	95	0	0	3	14	7.873684210526315	0	0	0.0	0	0	0.0	0	0	0	0.0	UnmarkedThenConditions	106	501	0	501	0	0	0	0
C189	501	95	0	0	2	18	8.031578947368422	0	0	0.0	0	0	0.0	0	0	0	0.0	UnmarkedThenConditions	103	501	0	501	0	0	0	0
C190	501	95	0	0	3	15	8.157894736842104	0	0	0.0	0	0	0.0	0	0	0	0.0	UnmarkedThenConditions	106	501	0	501	0	0	0	0
C191	501	100	0	0	1	13	7.47	0	0	0.0	0	0	0.0	0	0	0	0.0	UnmarkedThenConditions	112	501	0	501	0	0	0	0
C192	501	100	0	0	2	15	7.5	0	0	0.0	0	0	0.0	0	0	0	0.0	UnmarkedThenConditions	109	501	0	501	0	0	0	0
C193	501	100	0	0	2	15	7.49	0	0	0.0	0	0	0.0	0	0	0	0.0	UnmarkedThenConditions	112	501	0	501	0	0	0	0
C194	501	100	0	0	1	13	7.3	0	0	0.0	0	0	0.0	0	0	0	0.0	UnmarkedThenConditions	111	501	0	501	0	0	0	0
C195	501	100	0	0	1	13	7.45	0	0	0.0	0	0	0.0	0	0	0	0.0	UnmarkedThenConditions	111	501	0	501	0	0	0	0
C196	501	100	0	0	3	19	7.49	0	0	0.0	0	0	0.0	0	0	0	0.0	UnmarkedThenConditions	110	501	0	501	0	0	0	0
C197	501	100	0	0	3	15	7.62	0	0	0.0	0	0	0.0	0	0	0	0.0	UnmarkedThenConditions	112	501	0	501	0	0	0	0
C198	501	100	0	0	1	14	7.43	0	0	0.0	0	0	0.0	0	0	0	0.0	UnmarkedThenConditions	109	501	0	501	0	0	0	0
C199	501	100	0	0	2	15	7.64	0	0	0.0	0	0	0.0	0	0	0	0.0	UnmarkedThenConditions	105	501	0	501	0	0	0	0
C200	501	100	0	0	2	16	7.62	0	0	0.0	0	0	0.0	0	0	0	0.0	UnmarkedThenConditions	113	501	0	501	0	0	0	0
