id	numberOfActions	numberOfProcesses	numberOfProcedures	numberOfConditionals	minLengthOfProcesses	maxLengthOfProcesses	avgLengthOfProcesses	minNumberOfProceduresInProcesses	maxNumberOfProceduresInProcesses	avgNumberOfProceduresInProcesses	minNumberOfConditionalsInProcesses	maxNumberOfConditionalsInProcesses	avgNumberOfConditionalsInProcesses	numberOfProcessesWithConditionals	minProcedureLengthInProcesses	maxProcedureLengthInProcesses	avgProcedureLengthInProcesses	strategy	time(msec)	nodes	badLoops	mainLength	numOfProcedures	minProcedureLength	maxProcedureLength	avgProcedureLength
C1	201	5	0	0	54	65	59.2	0	0	0.0	0	0	0.0	0	0	0	0.0	ConditionsFirst	11	201	0	201	0	0	0	0
C2	201	5	0	0	53	70	62.0	0	0	0.0	0	0	0.0	0	0	0	0.0	ConditionsFirst	11	201	0	201	0	0	0	0
C3	201	5	0	0	55	70	61.4	0	0	0.0	0	0	0.0	0	0	0	0.0	ConditionsFirst	11	201	0	201	0	0	0	0
C4	201	5	0	0	51	65	58.6	0	0	0.0	0	0	0.0	0	0	0	0.0	ConditionsFirst	13	201	0	201	0	0	0	0
C5	201	5	0	0	53	67	61.8	0	0	0.0	0	0	0.0	0	0	0	0.0	ConditionsFirst	11	201	0	201	0	0	0	0
C6	201	5	0	0	48	68	58.0	0	0	0.0	0	0	0.0	0	0	0	0.0	ConditionsFirst	12	201	0	201	0	0	0	0
C7	201	5	0	0	50	68	60.0	0	0	0.0	0	0	0.0	0	0	0	0.0	ConditionsFirst	12	201	0	201	0	0	0	0
C8	201	5	0	0	52	67	59.2	0	0	0.0	0	0	0.0	0	0	0	0.0	ConditionsFirst	11	201	0	201	0	0	0	0
C9	201	5	0	0	46	68	60.0	0	0	0.0	0	0	0.0	0	0	0	0.0	ConditionsFirst	12	201	0	201	0	0	0	0
C10	201	5	0	0	50	69	58.0	0	0	0.0	0	0	0.0	0	0	0	0.0	ConditionsFirst	11	201	0	201	0	0	0	0
C125	206	5	5	0	52	74	58.2	5	5	5.0	0	0	0.0	0	3	15	9.48	ConditionsFirst	21	203	0	204	1	35	35	35.0
C132	206	5	5	0	51	72	60.6	5	5	5.0	0	0	0.0	0	4	17	10.36	ConditionsFirst	22	205	0	206	1	83	83	83.0
C209	206	5	5	0	50	73	59.4	5	5	5.0	0	0	0.0	0	5	17	10.0	ConditionsFirst	22	210	0	211	1	141	141	141.0
C214	206	5	5	0	54	63	58.4	5	5	5.0	0	0	0.0	0	3	15	9.6	ConditionsFirst	22	207	0	208	1	142	142	142.0
C339	206	5	5	0	53	66	61.4	5	5	5.0	0	0	0.0	0	5	16	10.04	ConditionsFirst	20	201	0	202	1	124	124	124.0
C346	206	5	5	0	54	71	63.4	5	5	5.0	0	0	0.0	0	3	17	10.8	ConditionsFirst	18	201	0	201	0	0	0	0
C392	206	5	5	0	54	71	60.8	5	5	5.0	0	0	0.0	0	4	17	10.2	ConditionsFirst	21	208	0	209	1	133	133	133.0
C463	206	5	5	0	54	68	60.8	5	5	5.0	0	0	0.0	0	2	17	9.8	ConditionsFirst	19	201	0	202	1	41	41	41.0
C466	206	5	5	0	51	66	60.2	5	5	5.0	0	0	0.0	0	5	17	10.08	ConditionsFirst	20	201	0	201	0	0	0	0
C474	206	5	5	0	47	69	60.2	5	5	5.0	0	0	0.0	0	5	15	10.28	ConditionsFirst	24	209	0	210	1	100	100	100.0
C9414	211	5	10	0	53	69	59.4	10	10	10.0	0	0	0.0	0	2	10	5.28	ConditionsFirst	23	201	0	201	0	0	0	0
C10166	211	5	10	0	52	70	60.2	10	10	10.0	0	0	0.0	0	2	11	5.46	ConditionsFirst	22	204	0	205	1	100	100	100.0
C30747	211	5	10	0	55	71	62.0	10	10	10.0	0	0	0.0	0	2	12	5.72	ConditionsFirst	23	206	0	207	1	164	164	164.0
C37578	211	5	10	0	52	66	61.4	10	10	10.0	0	0	0.0	0	2	12	5.6	ConditionsFirst	22	204	0	205	1	40	40	40.0
C46767	211	5	10	0	56	63	59.6	10	10	10.0	0	0	0.0	0	2	12	5.4	ConditionsFirst	24	205	0	206	1	139	139	139.0
C60285	211	5	10	0	55	64	60.6	10	10	10.0	0	0	0.0	0	1	14	5.54	ConditionsFirst	22	206	0	207	1	138	138	138.0
C68691	211	5	10	0	48	68	60.2	10	10	10.0	0	0	0.0	0	1	10	5.24	ConditionsFirst	22	201	0	201	0	0	0	0
C69205	211	5	10	0	58	68	62.0	10	10	10.0	0	0	0.0	0	2	11	5.72	ConditionsFirst	23	207	0	208	1	66	66	66.0
C78320	211	5	10	0	51	67	59.8	10	10	10.0	0	0	0.0	0	0	10	5.6	ConditionsFirst	30	213	0	214	1	90	90	90.0
C90372	211	5	10	0	49	71	62.4	10	10	10.0	0	0	0.0	0	2	10	5.68	ConditionsFirst	22	204	0	205	1	25	25	25.0
C913478	216	5	15	0	53	84	65.4	15	15	15.0	0	0	0.0	0	0	11	4.04	ConditionsFirst	24	203	0	204	1	166	166	166.0
C2187983	216	5	15	0	58	66	60.6	15	15	15.0	0	0	0.0	0	0	8	3.7733333333333334	ConditionsFirst	25	201	0	201	0	0	0	0
C4926236	216	5	15	0	51	71	62.2	15	15	15.0	0	0	0.0	0	0	7	3.8133333333333335	ConditionsFirst	26	214	0	215	1	112	112	112.0
C6425197	216	5	15	0	55	66	58.8	15	15	15.0	0	0	0.0	0	0	10	3.533333333333333	ConditionsFirst	25	207	0	208	1	14	14	14.0
C6852353	216	5	15	0	49	78	59.6	15	15	15.0	0	0	0.0	0	0	11	3.7066666666666666	ConditionsFirst	28	209	0	210	1	177	177	177.0
C8406660	216	5	15	0	52	62	56.8	15	15	15.0	0	0	0.0	0	0	9	3.5733333333333333	ConditionsFirst	30	202	0	203	1	130	130	130.0
C8540650	216	5	15	0	49	69	58.2	15	15	15.0	0	0	0.0	0	1	8	3.6533333333333333	ConditionsFirst	29	205	0	206	1	55	55	55.0
C8735382	216	5	15	0	50	70	59.4	15	15	15.0	0	0	0.0	0	0	10	3.6933333333333334	ConditionsFirst	26	203	0	204	1	34	34	34.0
C8882277	216	5	15	0	56	66	60.2	15	15	15.0	0	0	0.0	0	0	8	3.72	ConditionsFirst	26	213	0	214	1	127	127	127.0
C9712244	216	5	15	0	43	73	58.8	15	15	15.0	0	0	0.0	0	0	9	3.64	ConditionsFirst	26	203	0	204	1	45	45	45.0
C9712245	269	5	0	1	53	84	65.0	0	0	0.0	0	1	0.2	1	0	0	0.0	ConditionsFirst	16	276	0	276	0	0	0	0
C9712246	222	5	0	1	52	70	63.4	0	0	0.0	0	1	0.2	1	0	0	0.0	ConditionsFirst	11	226	0	226	0	0	0	0
C9712247	262	5	0	1	58	91	66.0	0	0	0.0	0	1	0.2	1	0	0	0.0	ConditionsFirst	15	262	0	262	0	0	0	0
C9712248	252	5	0	1	48	73	63.4	0	0	0.0	0	1	0.2	1	0	0	0.0	ConditionsFirst	14	253	0	253	0	0	0	0
C9712249	223	5	0	1	55	64	59.2	0	0	0.0	0	1	0.2	1	0	0	0.0	ConditionsFirst	14	224	0	224	0	0	0	0
C9712250	275	5	0	1	52	108	66.2	0	0	0.0	0	1	0.2	1	0	0	0.0	ConditionsFirst	16	275	0	275	0	0	0	0
C9712251	223	5	0	1	53	68	60.8	0	0	0.0	0	1	0.2	1	0	0	0.0	ConditionsFirst	13	223	0	223	0	0	0	0
C9712252	237	5	0	1	52	80	62.4	0	0	0.0	0	1	0.2	1	0	0	0.0	ConditionsFirst	13	242	0	242	0	0	0	0
C9712253	214	5	0	1	51	73	61.6	0	0	0.0	0	1	0.2	1	0	0	0.0	ConditionsFirst	13	216	0	216	0	0	0	0
C9712254	249	5	0	1	59	75	66.4	0	0	0.0	0	1	0.2	1	0	0	0.0	ConditionsFirst	13	250	0	250	0	0	0	0
C9712300	219	5	5	1	57	69	63.6	5	5	5.0	0	0	0.0	0	4	23	10.8	ConditionsFirst	27	234	0	236	1	157	157	157.0
C9712320	223	5	5	1	53	70	61.6	5	5	5.0	0	0	0.0	0	6	25	10.52	ConditionsFirst	26	222	0	222	0	0	0	0
C9712379	225	5	5	1	56	71	59.8	5	5	5.0	0	0	0.0	0	6	17	9.84	ConditionsFirst	25	226	0	228	2	55	131	93.0
C9712419	217	5	5	1	55	66	60.8	5	5	5.0	0	1	0.2	1	5	14	10.2	ConditionsFirst	37	350	0	352	2	34	34	34.0
C9712495	218	5	5	1	57	67	61.8	5	5	5.0	0	0	0.0	0	5	21	11.12	ConditionsFirst	28	229	0	230	1	160	160	160.0
C9712559	224	5	5	1	43	72	59.0	5	5	5.0	0	0	0.0	0	5	21	9.6	ConditionsFirst	26	231	0	233	2	90	93	91.5
C9712572	227	5	5	1	56	70	62.8	5	5	5.0	0	1	0.2	1	6	15	9.68	ConditionsFirst	24	222	0	222	0	0	0	0
C9712652	216	5	5	1	52	69	61.2	5	5	5.0	0	0	0.0	0	5	16	9.76	ConditionsFirst	29	239	0	241	2	20	148	84.0
C9712689	228	5	5	1	56	71	60.6	5	5	5.0	0	1	0.2	1	5	15	9.52	ConditionsFirst	33	330	0	332	2	101	101	101.0
C9712695	217	5	5	1	53	65	60.0	5	5	5.0	0	0	0.0	0	4	17	10.44	ConditionsFirst	24	225	0	227	2	47	69	58.0
C9715112	223	5	10	1	54	77	64.6	10	10	10.0	0	0	0.0	0	1	14	5.84	ConditionsFirst	30	286	0	288	2	58	58	58.0
C9717732	222	5	10	1	54	68	61.2	10	10	10.0	0	1	0.2	1	1	11	5.32	ConditionsFirst	26	229	0	231	2	53	76	64.5
C9717866	221	5	10	1	48	73	60.2	10	10	10.0	0	0	0.0	0	1	19	5.48	ConditionsFirst	26	219	0	221	2	26	171	98.5
C9723690	221	5	10	1	52	83	60.6	10	10	10.0	0	1	0.2	1	1	12	5.6	ConditionsFirst	43	341	0	343	2	71	71	71.0
C9729774	220	5	10	1	51	70	60.8	10	10	10.0	0	0	0.0	0	1	12	5.42	ConditionsFirst	28	223	0	225	2	41	62	51.5
C9730200	221	5	10	1	55	68	62.0	10	10	10.0	0	0	0.0	0	1	15	5.78	ConditionsFirst	40	347	0	349	2	55	55	55.0
C9731008	224	5	10	1	52	73	60.6	10	10	10.0	0	0	0.0	0	0	12	5.44	ConditionsFirst	35	284	0	286	1	241	241	241.0
C9732269	220	5	10	1	50	83	61.0	10	10	10.0	0	0	0.0	0	1	15	5.58	ConditionsFirst	29	251	0	253	2	17	17	17.0
C9732364	224	5	10	1	52	68	59.2	10	10	10.0	0	0	0.0	0	1	15	5.32	ConditionsFirst	36	294	0	296	2	59	59	59.0
C9733445	220	5	10	1	53	68	61.8	10	10	10.0	0	0	0.0	0	1	13	5.7	ConditionsFirst	28	242	0	244	1	190	190	190.0
C9926755	227	5	15	1	50	64	58.8	15	15	15.0	0	0	0.0	0	1	12	3.7333333333333334	ConditionsFirst	31	226	0	228	2	21	190	105.5
C9929279	226	5	15	1	53	69	60.8	15	15	15.0	0	0	0.0	0	0	12	3.9066666666666667	ConditionsFirst	31	229	0	231	2	25	70	47.5
C10149177	226	5	15	1	56	72	60.0	15	15	15.0	0	0	0.0	0	1	13	3.9066666666666667	ConditionsFirst	30	219	0	221	2	57	145	101.0
C10158257	228	5	15	1	55	67	59.6	15	15	15.0	0	0	0.0	0	0	14	3.76	ConditionsFirst	33	226	0	228	2	21	140	80.5
C10446746	228	5	15	1	43	72	61.2	15	15	15.0	0	0	0.0	0	0	14	3.92	ConditionsFirst	32	239	0	241	2	18	149	83.5
C10598570	229	5	15	1	52	68	61.6	15	15	15.0	0	0	0.0	0	0	9	3.933333333333333	ConditionsFirst	31	233	0	235	2	45	159	102.0
C10645096	227	5	15	1	55	80	63.0	15	15	15.0	0	0	0.0	0	0	14	4.0	ConditionsFirst	33	255	0	257	1	222	222	222.0
C10713607	227	5	15	1	51	71	62.6	15	15	15.0	0	0	0.0	0	1	13	3.986666666666667	ConditionsFirst	30	219	0	221	2	51	101	76.0
C10741204	226	5	15	1	50	74	61.0	15	15	15.0	0	0	0.0	0	0	13	3.8933333333333335	ConditionsFirst	46	322	0	324	2	96	96	96.0
C10862038	227	5	15	1	59	67	63.2	15	15	15.0	0	0	0.0	0	0	12	3.933333333333333	ConditionsFirst	29	230	0	232	2	46	114	80.0
C10862039	292	5	0	2	52	98	65.2	0	0	0.0	0	2	0.4	1	0	0	0.0	ConditionsFirst	17	291	0	291	0	0	0	0
C10862040	437	5	0	3	94	134	110.6	0	0	0.0	0	3	0.6	1	0	0	0.0	ConditionsFirst	31	439	0	439	0	0	0	0
C10862041	286	5	0	2	56	74	65.6	0	0	0.0	0	1	0.2	1	0	0	0.0	ConditionsFirst	16	288	0	288	0	0	0	0
C10862042	410	5	0	3	49	129	75.2	0	0	0.0	0	1	0.4	2	0	0	0.0	ConditionsFirst	19	410	0	410	0	0	0	0
C10862043	358	5	0	3	72	107	88.0	0	0	0.0	0	1	0.4	2	0	0	0.0	ConditionsFirst	21	359	0	359	0	0	0	0
C10862044	267	5	0	2	44	91	64.4	0	0	0.0	0	2	0.4	1	0	0	0.0	ConditionsFirst	15	276	0	276	0	0	0	0
C10862045	261	5	0	2	55	86	64.0	0	0	0.0	0	2	0.4	1	0	0	0.0	ConditionsFirst	14	261	0	261	0	0	0	0
C10862046	285	5	0	2	49	88	67.0	0	0	0.0	0	1	0.2	1	0	0	0.0	ConditionsFirst	14	287	0	287	0	0	0	0
C10862047	269	5	0	2	48	82	64.4	0	0	0.0	0	1	0.2	1	0	0	0.0	ConditionsFirst	15	277	0	277	0	0	0	0
C10862048	270	5	0	2	56	72	64.0	0	0	0.0	0	1	0.2	1	0	0	0.0	ConditionsFirst	15	269	0	269	0	0	0	0
C10862051	235	5	5	2	59	72	65.8	5	5	5.0	0	0	0.0	0	6	19	11.12	ConditionsFirst	38	339	0	342	2	104	119	111.5
C10862073	233	5	5	2	55	70	64.0	5	5	5.0	0	1	0.2	1	5	19	10.72	ConditionsFirst	33	302	0	305	3	30	30	30.0
C10862075	230	5	5	2	54	71	60.8	5	5	5.0	0	0	0.0	0	4	21	10.36	ConditionsFirst	38	311	0	313	2	72	72	72.0
C10862087	236	5	5	2	56	72	61.6	5	5	5.0	0	0	0.0	0	5	21	9.88	ConditionsFirst	34	284	0	286	2	33	33	33.0
C10862100	233	5	5	2	54	70	61.4	5	5	5.0	0	1	0.2	1	5	21	10.16	ConditionsFirst	48	430	0	434	4	69	84	76.5
C10862137	230	5	5	2	55	75	63.8	5	5	5.0	0	0	0.0	0	6	17	10.72	ConditionsFirst	27	238	0	241	3	30	41	35.0
C10862201	239	5	5	2	55	73	62.6	5	5	5.0	0	1	0.2	1	3	21	9.8	ConditionsFirst	30	281	0	283	2	34	34	34.0
C10862209	239	5	5	2	51	87	62.0	5	5	5.0	0	1	0.2	1	5	19	10.16	ConditionsFirst	48	448	0	452	4	36	156	96.0
C10862223	231	5	5	2	55	76	64.8	5	5	5.0	0	1	0.2	1	4	18	10.6	ConditionsFirst	31	291	0	292	1	108	108	108.0
C10862240	234	5	5	2	57	70	64.4	5	5	5.0	0	1	0.2	1	6	14	10.04	ConditionsFirst	31	314	0	317	3	68	77	71.0
C10862919	240	5	10	2	56	77	66.2	10	10	10.0	0	0	0.0	0	1	15	5.98	ConditionsFirst	30	256	0	257	1	156	156	156.0
C10863242	231	5	10	2	55	72	63.4	10	10	10.0	0	0	0.0	0	1	15	5.94	ConditionsFirst	28	232	0	235	3	2	75	32.333333333333336
C10864483	235	5	10	2	51	79	63.4	10	10	10.0	0	1	0.2	1	2	21	5.78	ConditionsFirst	54	441	0	444	3	98	98	98.0
C10865145	236	5	10	2	50	88	63.0	10	10	10.0	0	1	0.2	1	1	14	5.6	ConditionsFirst	88	735	0	743	8	17	136	76.5
C10865432	236	5	10	2	58	69	63.2	10	10	10.0	0	0	0.0	0	1	14	6.06	ConditionsFirst	38	298	0	302	3	40	113	80.66666666666667
C10867937	241	5	10	2	58	70	63.4	10	10	10.0	0	0	0.0	0	0	17	5.96	ConditionsFirst	45	346	0	350	4	5	182	72.25
C10868000	235	5	10	2	55	68	61.6	10	10	10.0	0	0	0.0	0	1	14	5.76	ConditionsFirst	33	254	0	257	2	45	174	109.5
C10868284	240	5	10	2	52	85	62.8	10	10	10.0	0	0	0.0	0	2	17	5.76	ConditionsFirst	31	242	0	245	2	5	206	105.5
C10868355	233	5	10	2	50	79	61.8	10	10	10.0	0	0	0.0	0	1	16	5.76	ConditionsFirst	29	232	0	234	2	20	35	27.5
C10868488	238	5	10	2	56	76	62.8	10	10	10.0	0	0	0.0	0	1	17	5.72	ConditionsFirst	29	239	0	241	2	20	191	105.5
C10874140	236	5	15	2	57	71	65.8	15	15	15.0	0	0	0.0	0	0	12	4.173333333333333	ConditionsFirst	33	249	0	251	2	70	151	110.5
C10886504	236	5	15	2	54	71	63.2	15	15	15.0	0	0	0.0	0	0	14	3.986666666666667	ConditionsFirst	54	397	0	405	7	4	102	45.42857142857143
C10936388	239	5	15	2	50	75	62.2	15	15	15.0	0	0	0.0	0	0	18	3.84	ConditionsFirst	42	299	0	303	4	39	107	70.5
C10986112	238	5	15	2	52	70	62.0	15	15	15.0	0	0	0.0	0	1	10	3.973333333333333	ConditionsFirst	57	385	0	388	3	33	33	33.0
C11026434	243	5	15	2	57	78	66.4	15	15	15.0	0	0	0.0	0	0	18	4.12	ConditionsFirst	63	461	0	468	5	52	108	75.2
C11121540	237	5	15	2	51	77	63.4	15	15	15.0	0	0	0.0	0	0	18	4.066666666666666	ConditionsFirst	38	270	0	272	2	38	38	38.0
C11172949	234	5	15	2	55	75	63.2	15	15	15.0	0	0	0.0	0	0	9	3.933333333333333	ConditionsFirst	33	247	0	250	3	11	125	72.33333333333333
C11176540	241	5	15	2	48	73	62.8	15	15	15.0	0	0	0.0	0	0	18	4.04	ConditionsFirst	34	245	0	248	3	11	131	67.33333333333333
C11194297	235	5	15	2	58	73	64.2	15	15	15.0	0	1	0.2	1	0	16	3.986666666666667	ConditionsFirst	34	264	0	267	3	10	30	23.333333333333332
C11235793	238	5	15	2	50	71	62.6	15	15	15.0	0	0	0.0	0	1	12	3.986666666666667	ConditionsFirst	37	264	0	268	3	25	150	74.33333333333333
C11235794	342	5	0	4	53	112	72.6	0	0	0.0	0	2	0.4	1	0	0	0.0	ConditionsFirst	22	343	0	343	0	0	0	0
C11235795	360	5	0	5	74	109	88.0	0	0	0.0	0	1	0.4	2	0	0	0.0	ConditionsFirst	30	362	0	362	0	0	0	0
C11235796	454	5	0	5	81	158	110.4	0	0	0.0	0	5	1.0	1	0	0	0.0	ConditionsFirst	39	460	0	460	0	0	0	0
C11235797	443	5	0	5	80	152	111.0	0	0	0.0	0	3	0.6	1	0	0	0.0	ConditionsFirst	31	445	0	445	0	0	0	0
C11235798	294	5	0	3	51	94	69.6	0	0	0.0	0	1	0.2	1	0	0	0.0	ConditionsFirst	16	302	0	302	0	0	0	0
C11235799	413	5	0	5	68	112	94.8	0	0	0.0	0	1	0.4	2	0	0	0.0	ConditionsFirst	27	422	0	422	0	0	0	0
C11235800	292	5	0	3	54	88	65.8	0	0	0.0	0	2	0.4	1	0	0	0.0	ConditionsFirst	16	292	0	292	0	0	0	0
C11235801	293	5	0	3	45	85	64.0	0	0	0.0	0	2	0.4	1	0	0	0.0	ConditionsFirst	18	303	0	303	0	0	0	0
C11235802	298	5	0	3	57	102	71.6	0	0	0.0	0	3	0.6	1	0	0	0.0	ConditionsFirst	16	299	0	299	0	0	0	0
C11235803	437	5	0	5	72	131	98.4	0	0	0.0	0	1	0.4	2	0	0	0.0	ConditionsFirst	27	435	0	435	0	0	0	0
C11235813	246	5	5	3	52	78	67.6	5	5	5.0	0	1	0.2	1	3	19	10.92	ConditionsFirst	64	591	0	596	5	39	212	73.6
C11235831	250	5	5	3	62	64	63.2	5	5	5.0	0	0	0.0	0	5	19	10.32	ConditionsFirst	53	368	0	369	1	128	128	128.0
C11235834	252	5	5	3	58	70	63.6	5	5	5.0	0	1	0.2	1	3	22	10.48	ConditionsFirst	55	489	0	494	5	61	127	83.8
C11235847	248	5	5	3	56	81	65.0	5	5	5.0	0	1	0.2	1	6	18	11.24	ConditionsFirst	31	256	0	258	2	4	89	46.5
C11235882	281	5	5	4	58	107	73.4	5	5	5.0	0	0	0.0	0	6	51	12.68	ConditionsFirst	56	421	0	423	1	383	383	383.0
C11235889	267	5	5	3	50	86	64.2	5	5	5.0	0	0	0.0	0	5	25	10.88	ConditionsFirst	72	547	0	557	8	23	159	62.5
C11235897	238	5	5	3	47	79	62.4	5	5	5.0	0	1	0.2	1	4	17	10.48	ConditionsFirst	37	281	0	282	1	234	234	234.0
C11235899	292	5	5	4	51	86	72.8	5	5	5.0	0	0	0.0	0	6	41	12.56	ConditionsFirst	80	541	0	549	3	5	238	131.66666666666666
C11235901	254	5	5	3	57	69	62.2	5	5	5.0	0	1	0.2	1	6	23	10.24	ConditionsFirst	69	461	0	467	4	49	107	77.25
C11235902	270	5	5	4	56	87	68.2	5	5	5.0	0	1	0.2	1	5	30	11.96	ConditionsFirst	63	469	0	474	4	72	177	98.25
C11236089	249	5	10	3	53	76	61.6	10	10	10.0	0	0	0.0	0	1	16	5.82	ConditionsFirst	41	289	0	293	3	36	181	84.33333333333333
C11236113	248	5	10	3	57	75	64.8	10	10	10.0	0	1	0.2	1	2	16	5.92	ConditionsFirst	44	356	0	360	4	24	92	58.5
C11236204	247	5	10	3	56	81	63.2	10	10	10.0	0	0	0.0	0	1	15	5.8	ConditionsFirst	40	292	0	296	3	39	179	90.33333333333333
C11236370	251	5	10	3	53	76	63.0	10	10	10.0	0	0	0.0	0	2	21	5.78	ConditionsFirst	42	297	0	303	4	2	158	66.5
C11236527	249	5	10	3	56	72	64.0	10	10	10.0	0	0	0.0	0	1	16	5.96	ConditionsFirst	43	327	0	332	3	8	218	85.33333333333333
C11236686	250	5	10	3	49	78	64.8	10	10	10.0	0	0	0.0	0	0	18	5.98	ConditionsFirst	54	405	0	410	5	22	79	53.2
C11237945	249	5	10	3	52	72	65.4	10	10	10.0	0	0	0.0	0	0	18	5.96	ConditionsFirst	39	300	0	305	4	18	96	68.25
C11238478	265	5	10	4	58	82	67.0	10	10	10.0	0	1	0.2	1	2	22	6.22	ConditionsFirst	68	485	0	493	8	21	25	23.0
C11238511	246	5	10	3	52	73	62.0	10	10	10.0	0	0	0.0	0	1	15	5.58	ConditionsFirst	83	580	0	586	6	18	140	79.0
C11238725	248	5	10	3	53	74	64.0	10	10	10.0	0	0	0.0	0	0	15	5.5	ConditionsFirst	59	458	0	464	5	5	156	75.8
C11269707	249	5	15	3	53	87	64.6	15	15	15.0	0	0	0.0	0	0	12	4.12	ConditionsFirst	41	270	0	275	3	27	107	76.0
C11270808	250	5	15	3	56	74	64.8	15	15	15.0	0	1	0.2	1	0	12	4.04	ConditionsFirst	97	683	0	692	7	29	151	86.14285714285714
C11295162	244	5	15	3	56	66	62.0	15	15	15.0	0	1	0.2	1	0	14	3.88	ConditionsFirst	65	433	0	433	0	0	0	0
C11295598	247	5	15	3	57	67	63.6	15	15	15.0	0	0	0.0	0	1	11	4.053333333333334	ConditionsFirst	51	321	0	326	5	35	141	61.0
C11305751	248	5	15	3	58	73	65.0	15	15	15.0	0	0	0.0	0	0	14	4.013333333333334	ConditionsFirst	53	382	0	383	1	267	267	267.0
C11320592	248	5	15	3	53	78	65.0	15	15	15.0	0	0	0.0	0	0	10	4.0	ConditionsFirst	65	412	0	418	5	33	130	75.0
C11340216	254	5	15	3	60	76	64.0	15	15	15.0	0	0	0.0	0	0	14	4.08	ConditionsFirst	63	428	0	437	5	29	135	82.8
C11356971	250	5	15	3	56	77	64.2	15	15	15.0	0	0	0.0	0	0	21	4.066666666666666	ConditionsFirst	56	337	0	342	3	22	209	107.0
C11362345	245	5	15	3	62	82	67.4	15	15	15.0	0	0	0.0	0	0	20	4.226666666666667	ConditionsFirst	49	360	0	364	1	284	284	284.0
C11362705	251	5	15	3	59	67	63.0	15	15	15.0	0	0	0.0	0	0	23	4.093333333333334	ConditionsFirst	59	388	0	388	0	0	0	0
C11362706	564	5	0	7	95	154	113.8	0	0	0.0	0	3	0.6	1	0	0	0.0	ConditionsFirst	43	573	0	573	0	0	0	0
C11362707	522	5	0	8	106	173	126.4	0	0	0.0	0	1	0.4	2	0	0	0.0	ConditionsFirst	43	541	0	541	0	0	0	0
C11362708	262	5	0	4	50	90	65.4	0	0	0.0	0	2	0.4	1	0	0	0.0	ConditionsFirst	16	269	0	269	0	0	0	0
C11362709	525	5	0	7	96	168	119.6	0	0	0.0	0	1	0.4	2	0	0	0.0	ConditionsFirst	38	543	0	543	0	0	0	0
C11362710	436	5	0	7	78	131	99.4	0	0	0.0	0	1	0.4	2	0	0	0.0	ConditionsFirst	29	454	0	454	0	0	0	0
C11362711	454	5	0	7	68	119	97.4	0	0	0.0	0	1	0.4	2	0	0	0.0	ConditionsFirst	34	458	0	458	0	0	0	0
C11362712	555	5	0	7	98	160	114.0	0	0	0.0	0	2	0.6	2	0	0	0.0	ConditionsFirst	39	559	0	559	0	0	0	0
C11362713	367	5	0	6	49	96	70.2	0	0	0.0	0	2	0.4	1	0	0	0.0	ConditionsFirst	19	372	0	372	0	0	0	0
C11362714	536	5	0	9	85	142	114.2	0	0	0.0	0	1	0.4	2	0	0	0.0	ConditionsFirst	32	563	0	563	0	0	0	0
C11362715	520	5	0	7	93	137	113.0	0	0	0.0	0	1	0.4	2	0	0	0.0	ConditionsFirst	37	527	0	527	0	0	0	0
C11362716	259	5	5	4	50	74	64.6	5	5	5.0	0	0	0.0	0	6	24	11.36	ConditionsFirst	53	401	0	407	5	4	126	73.6
C11362728	272	5	5	4	45	79	67.8	5	5	5.0	0	1	0.2	1	5	21	11.04	ConditionsFirst	56	475	0	479	4	70	75	73.75
C11362729	264	5	5	4	52	73	65.8	5	5	5.0	0	1	0.2	1	5	19	10.52	ConditionsFirst	38	302	0	305	2	114	125	119.5
C11362737	306	5	5	6	52	81	71.6	5	5	5.0	0	1	0.4	2	3	20	9.72	ConditionsFirst	67	577	0	583	6	35	72	47.333333333333336
C11362741	295	5	5	5	58	86	73.8	5	5	5.0	0	1	0.2	1	5	36	12.44	ConditionsFirst	146	1029	0	1041	10	4	179	93.1
C11362752	282	5	5	5	57	93	70.0	5	5	5.0	0	1	0.2	1	5	29	11.24	ConditionsFirst	83	581	0	591	6	34	127	85.33333333333333
C11362759	282	5	5	6	57	84	72.6	5	5	5.0	0	0	0.0	0	4	30	12.0	ConditionsFirst	54	411	0	418	4	2	259	82.25
C11362766	265	5	5	4	46	84	66.2	5	5	5.0	0	0	0.0	0	5	25	11.32	ConditionsFirst	55	405	0	410	5	10	169	72.6
C11362769	264	5	5	4	56	78	65.4	5	5	5.0	0	0	0.0	0	6	26	11.76	ConditionsFirst	92	640	0	652	10	9	133	60.4
C11362770	256	5	5	4	53	89	67.6	5	5	5.0	0	2	0.4	1	7	19	10.88	ConditionsFirst	78	665	0	672	5	3	231	118.8
C11363123	258	5	10	4	53	78	65.0	10	10	10.0	0	0	0.0	0	2	16	5.84	ConditionsFirst	79	555	0	562	7	29	79	42.57142857142857
C11363207	259	5	10	4	59	68	63.2	10	10	10.0	0	0	0.0	0	0	14	5.9	ConditionsFirst	42	282	0	285	3	4	215	79.33333333333333
C11363405	254	5	10	4	51	87	68.2	10	10	10.0	0	0	0.0	0	1	15	6.14	ConditionsFirst	40	314	0	319	3	60	169	96.66666666666667
C11363513	248	5	10	4	56	70	63.2	10	10	10.0	0	0	0.0	0	2	17	5.84	ConditionsFirst	100	747	0	755	8	57	205	75.5
C11363565	259	5	10	4	51	83	65.0	10	10	10.0	0	0	0.0	0	2	18	6.08	ConditionsFirst	86	614	0	623	9	37	201	58.55555555555556
C11363769	257	5	10	4	51	75	64.6	10	10	10.0	0	1	0.2	1	1	17	5.84	ConditionsFirst	74	475	0	479	4	52	52	52.0
C11363871	279	5	10	5	52	87	68.6	10	10	10.0	0	1	0.2	1	0	20	6.18	ConditionsFirst	82	609	0	617	2	222	249	235.5
C11363881	282	5	10	5	56	95	71.2	10	10	10.0	0	0	0.0	0	2	45	6.68	ConditionsFirst	277	1864	0	1891	17	6	256	106.82352941176471
C11364045	258	5	10	4	50	80	68.6	10	10	10.0	0	1	0.2	1	0	19	5.82	ConditionsFirst	75	638	0	642	4	115	115	115.0
C11364139	255	5	10	4	57	80	67.4	10	10	10.0	0	0	0.0	0	0	15	6.24	ConditionsFirst	105	771	0	783	7	18	182	100.85714285714286
C11365604	264	5	15	4	49	79	64.0	15	15	15.0	0	0	0.0	0	0	14	4.066666666666666	ConditionsFirst	76	450	0	459	9	3	68	30.88888888888889
C11381244	255	5	15	4	54	91	64.2	15	15	15.0	0	0	0.0	0	1	19	4.04	ConditionsFirst	66	430	0	437	3	4	299	139.33333333333334
C11387360	259	5	15	4	54	86	66.2	15	15	15.0	0	0	0.0	0	1	15	4.213333333333333	ConditionsFirst	55	361	0	366	5	9	53	26.6
C11393386	286	5	15	5	58	75	68.4	15	15	15.0	0	1	0.2	1	0	21	4.293333333333333	ConditionsFirst	68	405	0	410	4	60	175	88.75
C11405359	254	5	15	4	56	80	66.4	15	15	15.0	0	0	0.0	0	0	14	4.2	ConditionsFirst	141	958	0	974	11	5	143	85.45454545454545
C11421447	263	5	15	4	61	70	64.2	15	15	15.0	0	0	0.0	0	0	15	3.96	ConditionsFirst	47	309	0	316	5	5	178	52.8
C11422335	259	5	15	4	50	77	63.2	15	15	15.0	0	0	0.0	0	0	12	4.08	ConditionsFirst	86	526	0	533	4	35	191	120.25
C11429254	256	5	15	4	57	74	65.0	15	15	15.0	0	0	0.0	0	0	15	4.066666666666666	ConditionsFirst	58	390	0	395	3	3	366	125.0
C11441074	261	5	15	4	58	75	66.4	15	15	15.0	0	0	0.0	0	0	14	4.1066666666666665	ConditionsFirst	61	408	0	415	3	107	174	129.33333333333334
C11444018	253	5	15	4	55	75	66.2	15	15	15.0	0	1	0.2	1	0	15	4.066666666666666	ConditionsFirst	88	635	0	642	6	20	167	98.0
C11444019	811	5	0	15	131	233	184.2	0	0	0.0	0	1	0.6	3	0	0	0.0	ConditionsFirst	100	821	0	821	0	0	0	0
C11444020	441	5	0	9	75	115	101.8	0	0	0.0	0	1	0.4	2	0	0	0.0	ConditionsFirst	36	458	0	458	0	0	0	0
C11444021	289	5	0	5	50	79	70.8	0	0	0.0	0	2	0.4	1	0	0	0.0	ConditionsFirst	20	304	0	304	0	0	0	0
C11444022	537	5	0	9	94	205	125.2	0	0	0.0	0	5	1.0	1	0	0	0.0	ConditionsFirst	41	539	0	539	0	0	0	0
C11444023	966	5	0	15	86	325	145.8	0	0	0.0	0	11	2.2	1	0	0	0.0	ConditionsFirst	63	1000	0	1000	0	0	0	0
C11444024	636	5	0	11	108	160	135.8	0	0	0.0	0	1	0.4	2	0	0	0.0	ConditionsFirst	66	652	0	652	0	0	0	0
C11444025	738	5	0	11	130	222	163.0	0	0	0.0	0	2	0.6	2	0	0	0.0	ConditionsFirst	65	751	0	751	0	0	0	0
C11444026	342	5	0	7	55	98	71.8	0	0	0.0	0	1	0.2	1	0	0	0.0	ConditionsFirst	22	361	0	361	0	0	0	0
C11444027	753	5	0	11	105	221	166.2	0	0	0.0	0	3	0.8	2	0	0	0.0	ConditionsFirst	52	765	0	765	0	0	0	0
C11444028	330	5	0	5	54	116	71.4	0	0	0.0	0	2	0.4	1	0	0	0.0	ConditionsFirst	18	333	0	333	0	0	0	0
C11444030	275	5	5	5	55	74	69.2	5	5	5.0	0	1	0.2	1	5	22	11.16	ConditionsFirst	57	469	0	476	6	19	109	67.66666666666667
C11444033	279	5	5	5	58	77	67.0	5	5	5.0	0	0	0.0	0	6	22	11.64	ConditionsFirst	54	367	0	372	4	43	62	48.5
C11444043	270	5	5	5	48	79	66.6	5	5	5.0	0	1	0.2	1	3	24	11.28	ConditionsFirst	76	550	0	556	5	41	204	97.2
C11444046	286	5	5	5	55	100	72.4	5	5	5.0	0	0	0.0	0	5	28	12.16	ConditionsFirst	102	787	0	805	12	2	166	60.0
C11444048	273	5	5	5	50	73	63.0	5	5	5.0	0	1	0.2	1	2	20	11.16	ConditionsFirst	171	1190	0	1208	18	9	179	59.888888888888886
C11444065	314	5	5	6	53	99	73.4	5	5	5.0	0	1	0.4	2	4	29	11.12	ConditionsFirst	111	836	0	848	10	9	160	71.2
C11444075	320	5	5	6	66	93	79.2	5	5	5.0	0	0	0.0	0	4	40	14.12	ConditionsFirst	83	537	0	542	5	45	89	62.6
C11444081	312	5	5	6	65	98	78.4	5	5	5.0	0	0	0.0	0	4	46	14.04	ConditionsFirst	53	340	0	345	3	3	237	103.0
C11444093	277	5	5	5	54	75	67.4	5	5	5.0	0	1	0.2	1	6	24	11.32	ConditionsFirst	92	632	0	639	6	34	159	82.5
C11444102	271	5	5	5	57	80	68.0	5	5	5.0	0	1	0.2	1	6	30	11.24	ConditionsFirst	101	768	0	777	6	37	326	120.0
C11444182	277	5	10	5	63	79	68.0	10	10	10.0	0	1	0.2	1	1	17	6.18	ConditionsFirst	84	541	0	552	6	20	134	83.16666666666667
C11444275	296	5	10	6	69	74	70.8	10	10	10.0	0	0	0.0	0	1	23	6.5	ConditionsFirst	92	561	0	569	8	19	113	51.75
C11444349	270	5	10	5	62	79	67.0	10	10	10.0	0	0	0.0	0	1	14	5.96	ConditionsFirst	60	438	0	446	8	4	113	50.625
C11444459	267	5	10	5	63	77	67.0	10	10	10.0	0	0	0.0	0	1	15	6.14	ConditionsFirst	62	380	0	387	5	22	148	61.6
C11444525	275	5	10	5	54	76	66.6	10	10	10.0	0	1	0.2	1	1	17	6.16	ConditionsFirst	172	1117	0	1135	16	3	191	67.5
C11444590	304	5	10	6	64	90	73.4	10	10	10.0	0	0	0.0	0	2	26	6.98	ConditionsFirst	223	1136	0	1148	3	5	540	353.0
C11444735	270	5	10	5	49	99	67.2	10	10	10.0	0	0	0.0	0	0	20	6.04	ConditionsFirst	77	522	0	532	9	20	120	55.111111111111114
C11444823	273	5	10	5	57	75	67.4	10	10	10.0	0	1	0.2	1	2	18	6.26	ConditionsFirst	297	1686	0	1710	11	18	417	145.9090909090909
C11444853	269	5	10	5	62	75	70.2	10	10	10.0	0	0	0.0	0	1	18	6.68	ConditionsFirst	110	754	0	766	7	6	258	105.42857142857143
C11444861	264	5	10	5	57	76	67.8	10	10	10.0	0	0	0.0	0	1	18	6.22	ConditionsFirst	137	980	0	988	8	6	230	110.0
C11446281	275	5	15	5	64	74	68.0	15	15	15.0	0	1	0.2	1	1	14	4.1466666666666665	ConditionsFirst	93	601	0	609	8	27	309	62.25
C11451584	270	5	15	5	50	87	67.0	15	15	15.0	0	1	0.2	1	0	19	4.1466666666666665	ConditionsFirst	174	1095	0	1116	15	10	132	67.26666666666667
C11456016	274	5	15	5	56	77	67.8	15	15	15.0	0	1	0.2	1	0	13	4.2	ConditionsFirst	168	1044	0	1061	17	13	131	54.529411764705884
C11456569	267	5	15	5	60	75	66.6	15	15	15.0	0	1	0.2	1	0	16	4.12	ConditionsFirst	97	573	0	582	8	2	139	66.125
C11456846	266	5	15	5	59	77	66.6	15	15	15.0	0	0	0.0	0	0	15	4.1866666666666665	ConditionsFirst	75	469	0	475	5	10	120	81.2
C11458034	269	5	15	5	53	81	66.4	15	15	15.0	0	0	0.0	0	1	19	4.226666666666667	ConditionsFirst	138	689	0	701	9	16	93	57.888888888888886
C11458795	273	5	15	5	51	92	67.8	15	15	15.0	0	1	0.2	1	0	14	4.1066666666666665	ConditionsFirst	254	1469	0	1473	4	192	334	227.5
C11461096	264	5	15	5	59	74	66.2	15	15	15.0	0	0	0.0	0	0	13	4.253333333333333	ConditionsFirst	87	509	0	520	8	2	172	61.5
C11464406	278	5	15	5	60	70	66.6	15	15	15.0	0	1	0.2	1	0	15	3.9466666666666668	ConditionsFirst	63	380	0	384	2	136	180	158.0
C11466317	263	5	15	5	57	76	67.2	15	15	15.0	0	0	0.0	0	0	14	4.266666666666667	ConditionsFirst	110	695	0	707	8	18	176	85.375
