id	numberOfActions	numberOfProcesses	numberOfProcedures	numberOfConditionals	minLengthOfProcesses	maxLengthOfProcesses	avgLengthOfProcesses	minNumberOfProceduresInProcesses	maxNumberOfProceduresInProcesses	avgNumberOfProceduresInProcesses	minNumberOfConditionalsInProcesses	maxNumberOfConditionalsInProcesses	avgNumberOfConditionalsInProcesses	numberOfProcessesWithConditionals	minProcedureLengthInProcesses	maxProcedureLengthInProcesses	avgProcedureLengthInProcesses	strategy	time(msec)	nodes	badLoops	mainLength	numOfProcedures	minProcedureLength	maxProcedureLength	avgProcedureLength
C1	51	6	0	0	8	17	12.666666666666666	0	0	0.0	0	0	0.0	0	0	0	0.0	LongestFirst	39	201	0	201	0	0	0	0
C2	51	6	0	0	6	15	11.333333333333334	0	0	0.0	0	0	0.0	0	0	0	0.0	LongestFirst	27	201	0	201	0	0	0	0
C3	51	6	0	0	10	15	12.5	0	0	0.0	0	0	0.0	0	0	0	0.0	LongestFirst	38	201	0	201	0	0	0	0
C4	51	6	0	0	4	16	11.666666666666666	0	0	0.0	0	0	0.0	0	0	0	0.0	LongestFirst	40	201	0	201	0	0	0	0
C5	51	6	0	0	11	16	13.166666666666666	0	0	0.0	0	0	0.0	0	0	0	0.0	LongestFirst	35	201	0	201	0	0	0	0
C6	51	6	0	0	9	15	12.666666666666666	0	0	0.0	0	0	0.0	0	0	0	0.0	LongestFirst	43	201	0	201	0	0	0	0
C7	51	6	0	0	7	18	12.5	0	0	0.0	0	0	0.0	0	0	0	0.0	LongestFirst	38	201	0	201	0	0	0	0
C8	51	6	0	0	6	17	13.833333333333334	0	0	0.0	0	0	0.0	0	0	0	0.0	LongestFirst	36	201	0	201	0	0	0	0
C9	51	6	0	0	8	18	12.166666666666666	0	0	0.0	0	0	0.0	0	0	0	0.0	LongestFirst	31	201	0	201	0	0	0	0
C10	51	6	0	0	10	14	11.833333333333334	0	0	0.0	0	0	0.0	0	0	0	0.0	LongestFirst	43	201	0	201	0	0	0	0
C11	101	6	0	0	16	30	24.333333333333332	0	0	0.0	0	0	0.0	0	0	0	0.0	LongestFirst	11	101	0	101	0	0	0	0
C12	101	6	0	0	17	28	23.833333333333332	0	0	0.0	0	0	0.0	0	0	0	0.0	LongestFirst	12	101	0	101	0	0	0	0
C13	101	6	0	0	20	30	26.0	0	0	0.0	0	0	0.0	0	0	0	0.0	LongestFirst	12	101	0	101	0	0	0	0
C14	101	6	0	0	17	32	26.0	0	0	0.0	0	0	0.0	0	0	0	0.0	LongestFirst	7	101	0	101	0	0	0	0
C15	101	6	0	0	20	29	24.333333333333332	0	0	0.0	0	0	0.0	0	0	0	0.0	LongestFirst	13	101	0	101	0	0	0	0
C16	101	6	0	0	22	30	25.666666666666668	0	0	0.0	0	0	0.0	0	0	0	0.0	LongestFirst	7	101	0	101	0	0	0	0
C17	101	6	0	0	14	32	24.5	0	0	0.0	0	0	0.0	0	0	0	0.0	LongestFirst	7	101	0	101	0	0	0	0
C18	101	6	0	0	18	33	25.166666666666668	0	0	0.0	0	0	0.0	0	0	0	0.0	LongestFirst	6	101	0	101	0	0	0	0
C19	101	6	0	0	20	28	25.666666666666668	0	0	0.0	0	0	0.0	0	0	0	0.0	LongestFirst	7	101	0	101	0	0	0	0
C20	101	6	0	0	19	27	24.833333333333332	0	0	0.0	0	0	0.0	0	0	0	0.0	LongestFirst	10	101	0	101	0	0	0	0
C21	501	15	0	0	42	68	50.06666666666667	0	0	0.0	0	0	0.0	0	0	0	0.0	LongestFirst	405	501	0	501	0	0	0	0
C22	501	15	0	0	29	57	49.333333333333336	0	0	0.0	0	0	0.0	0	0	0	0.0	LongestFirst	472	501	0	501	0	0	0	0
C23	501	15	0	0	34	60	50.4	0	0	0.0	0	0	0.0	0	0	0	0.0	LongestFirst	351	501	0	501	0	0	0	0
C24	501	15	0	0	32	60	49.13333333333333	0	0	0.0	0	0	0.0	0	0	0	0.0	LongestFirst	429	501	0	501	0	0	0	0
C25	501	15	0	0	41	64	49.733333333333334	0	0	0.0	0	0	0.0	0	0	0	0.0	LongestFirst	365	501	0	501	0	0	0	0
C26	501	15	0	0	40	64	50.86666666666667	0	0	0.0	0	0	0.0	0	0	0	0.0	LongestFirst	366	501	0	501	0	0	0	0
C27	501	15	0	0	33	64	50.4	0	0	0.0	0	0	0.0	0	0	0	0.0	LongestFirst	352	501	0	501	0	0	0	0
C28	501	15	0	0	42	58	49.266666666666666	0	0	0.0	0	0	0.0	0	0	0	0.0	LongestFirst	366	501	0	501	0	0	0	0
C29	501	15	0	0	36	61	50.733333333333334	0	0	0.0	0	0	0.0	0	0	0	0.0	LongestFirst	354	501	0	501	0	0	0	0
C30	501	15	0	0	37	61	48.86666666666667	0	0	0.0	0	0	0.0	0	0	0	0.0	LongestFirst	496	501	0	501	0	0	0	0
C31	501	20	0	0	27	49	37.8	0	0	0.0	0	0	0.0	0	0	0	0.0	LongestFirst	46	201	0	201	0	0	0	0
C32	501	20	0	0	28	47	37.95	0	0	0.0	0	0	0.0	0	0	0	0.0	LongestFirst	46	201	0	201	0	0	0	0
C33	501	20	0	0	21	48	37.15	0	0	0.0	0	0	0.0	0	0	0	0.0	LongestFirst	39	201	0	201	0	0	0	0
C34	501	20	0	0	29	50	37.75	0	0	0.0	0	0	0.0	0	0	0	0.0	LongestFirst	35	201	0	201	0	0	0	0
C35	501	20	0	0	28	45	37.85	0	0	0.0	0	0	0.0	0	0	0	0.0	LongestFirst	36	201	0	201	0	0	0	0
C36	501	20	0	0	26	58	37.35	0	0	0.0	0	0	0.0	0	0	0	0.0	LongestFirst	40	201	0	201	0	0	0	0
C37	501	20	0	0	26	45	37.8	0	0	0.0	0	0	0.0	0	0	0	0.0	LongestFirst	37	201	0	201	0	0	0	0
C38	501	20	0	0	28	46	37.6	0	0	0.0	0	0	0.0	0	0	0	0.0	LongestFirst	45	201	0	201	0	0	0	0
C39	501	20	0	0	28	48	37.6	0	0	0.0	0	0	0.0	0	0	0	0.0	LongestFirst	38	201	0	201	0	0	0	0
C40	501	20	0	0	28	55	38.1	0	0	0.0	0	0	0.0	0	0	0	0.0	LongestFirst	43	201	0	201	0	0	0	0
C41	251	6	0	0	43	76	61.333333333333336	0	0	0.0	0	0	0.0	0	0	0	0.0	LongestFirst	80	251	0	251	0	0	0	0
C42	251	6	0	0	52	71	62.833333333333336	0	0	0.0	0	0	0.0	0	0	0	0.0	LongestFirst	86	251	0	251	0	0	0	0
C43	251	6	0	0	52	73	64.0	0	0	0.0	0	0	0.0	0	0	0	0.0	LongestFirst	74	251	0	251	0	0	0	0
C44	251	6	0	0	54	71	62.5	0	0	0.0	0	0	0.0	0	0	0	0.0	LongestFirst	79	251	0	251	0	0	0	0
C45	251	6	0	0	59	67	63.333333333333336	0	0	0.0	0	0	0.0	0	0	0	0.0	LongestFirst	66	251	0	251	0	0	0	0
C46	251	6	0	0	50	74	62.833333333333336	0	0	0.0	0	0	0.0	0	0	0	0.0	LongestFirst	81	251	0	251	0	0	0	0
C47	251	6	0	0	54	69	61.166666666666664	0	0	0.0	0	0	0.0	0	0	0	0.0	LongestFirst	73	251	0	251	0	0	0	0
C48	251	6	0	0	56	66	61.333333333333336	0	0	0.0	0	0	0.0	0	0	0	0.0	LongestFirst	64	251	0	251	0	0	0	0
C49	251	6	0	0	51	80	63.166666666666664	0	0	0.0	0	0	0.0	0	0	0	0.0	LongestFirst	68	251	0	251	0	0	0	0
C50	251	6	0	0	50	77	61.666666666666664	0	0	0.0	0	0	0.0	0	0	0	0.0	LongestFirst	70	251	0	251	0	0	0	0
C51	301	6	0	0	51	84	73.33333333333333	0	0	0.0	0	0	0.0	0	0	0	0.0	LongestFirst	143	301	0	301	0	0	0	0
C52	301	6	0	0	67	85	76.0	0	0	0.0	0	0	0.0	0	0	0	0.0	LongestFirst	190	301	0	301	0	0	0	0
C53	301	6	0	0	67	84	74.16666666666667	0	0	0.0	0	0	0.0	0	0	0	0.0	LongestFirst	129	301	0	301	0	0	0	0
C54	301	6	0	0	63	91	76.83333333333333	0	0	0.0	0	0	0.0	0	0	0	0.0	LongestFirst	121	301	0	301	0	0	0	0
C55	301	6	0	0	63	84	74.33333333333333	0	0	0.0	0	0	0.0	0	0	0	0.0	LongestFirst	153	301	0	301	0	0	0	0
C56	301	6	0	0	66	82	74.66666666666667	0	0	0.0	0	0	0.0	0	0	0	0.0	LongestFirst	127	301	0	301	0	0	0	0
C57	301	6	0	0	61	85	75.16666666666667	0	0	0.0	0	0	0.0	0	0	0	0.0	LongestFirst	142	301	0	301	0	0	0	0
C58	301	6	0	0	68	77	73.0	0	0	0.0	0	0	0.0	0	0	0	0.0	LongestFirst	127	301	0	301	0	0	0	0
C59	301	6	0	0	67	94	75.0	0	0	0.0	0	0	0.0	0	0	0	0.0	LongestFirst	126	301	0	301	0	0	0	0
C60	301	6	0	0	68	79	73.83333333333333	0	0	0.0	0	0	0.0	0	0	0	0.0	LongestFirst	130	301	0	301	0	0	0	0
C61	501	35	0	0	10	36	21.62857142857143	0	0	0.0	0	0	0.0	0	0	0	0.0	LongestFirst	169	351	0	351	0	0	0	0
C62	501	35	0	0	14	29	21.37142857142857	0	0	0.0	0	0	0.0	0	0	0	0.0	LongestFirst	184	351	0	351	0	0	0	0
C63	501	35	0	0	12	31	21.8	0	0	0.0	0	0	0.0	0	0	0	0.0	LongestFirst	171	351	0	351	0	0	0	0
C64	501	35	0	0	10	32	20.914285714285715	0	0	0.0	0	0	0.0	0	0	0	0.0	LongestFirst	181	351	0	351	0	0	0	0
C65	501	35	0	0	13	29	21.457142857142856	0	0	0.0	0	0	0.0	0	0	0	0.0	LongestFirst	188	351	0	351	0	0	0	0
C66	501	35	0	0	14	32	21.37142857142857	0	0	0.0	0	0	0.0	0	0	0	0.0	LongestFirst	166	351	0	351	0	0	0	0
C67	501	35	0	0	15	30	21.457142857142856	0	0	0.0	0	0	0.0	0	0	0	0.0	LongestFirst	185	351	0	351	0	0	0	0
C68	501	35	0	0	11	30	21.65714285714286	0	0	0.0	0	0	0.0	0	0	0	0.0	LongestFirst	173	351	0	351	0	0	0	0
C69	501	35	0	0	7	30	21.17142857142857	0	0	0.0	0	0	0.0	0	0	0	0.0	LongestFirst	155	351	0	351	0	0	0	0
C70	501	35	0	0	11	29	21.514285714285716	0	0	0.0	0	0	0.0	0	0	0	0.0	LongestFirst	193	351	0	351	0	0	0	0
C71	501	40	0	0	10	28	18.625	0	0	0.0	0	0	0.0	0	0	0	0.0	LongestFirst	263	401	0	401	0	0	0	0
C72	501	40	0	0	10	32	18.9	0	0	0.0	0	0	0.0	0	0	0	0.0	LongestFirst	250	401	0	401	0	0	0	0
C73	501	40	0	0	8	30	18.975	0	0	0.0	0	0	0.0	0	0	0	0.0	LongestFirst	263	401	0	401	0	0	0	0
C74	501	40	0	0	11	29	18.6	0	0	0.0	0	0	0.0	0	0	0	0.0	LongestFirst	287	401	0	401	0	0	0	0
C75	501	40	0	0	11	29	18.95	0	0	0.0	0	0	0.0	0	0	0	0.0	LongestFirst	230	401	0	401	0	0	0	0
C76	501	40	0	0	11	28	18.575	0	0	0.0	0	0	0.0	0	0	0	0.0	LongestFirst	241	401	0	401	0	0	0	0
C77	501	40	0	0	10	29	18.575	0	0	0.0	0	0	0.0	0	0	0	0.0	LongestFirst	243	401	0	401	0	0	0	0
C78	501	40	0	0	10	27	18.75	0	0	0.0	0	0	0.0	0	0	0	0.0	LongestFirst	210	401	0	401	0	0	0	0
C79	501	40	0	0	12	29	18.75	0	0	0.0	0	0	0.0	0	0	0	0.0	LongestFirst	236	401	0	401	0	0	0	0
C80	501	40	0	0	10	34	18.625	0	0	0.0	0	0	0.0	0	0	0	0.0	LongestFirst	223	401	0	401	0	0	0	0
C81	451	6	0	0	103	134	113.16666666666667	0	0	0.0	0	0	0.0	0	0	0	0.0	LongestFirst	353	501	0	501	0	0	0	0
C82	451	6	0	0	99	120	113.16666666666667	0	0	0.0	0	0	0.0	0	0	0	0.0	LongestFirst	316	501	0	501	0	0	0	0
C83	451	6	0	0	99	127	114.16666666666667	0	0	0.0	0	0	0.0	0	0	0	0.0	LongestFirst	327	501	0	501	0	0	0	0
C84	451	6	0	0	99	119	110.5	0	0	0.0	0	0	0.0	0	0	0	0.0	LongestFirst	389	501	0	501	0	0	0	0
C85	451	6	0	0	99	125	112.83333333333333	0	0	0.0	0	0	0.0	0	0	0	0.0	LongestFirst	321	501	0	501	0	0	0	0
C86	451	6	0	0	99	131	113.0	0	0	0.0	0	0	0.0	0	0	0	0.0	LongestFirst	349	501	0	501	0	0	0	0
C87	451	6	0	0	101	123	110.5	0	0	0.0	0	0	0.0	0	0	0	0.0	LongestFirst	351	501	0	501	0	0	0	0
C88	451	6	0	0	101	127	114.0	0	0	0.0	0	0	0.0	0	0	0	0.0	LongestFirst	365	501	0	501	0	0	0	0
C89	451	6	0	0	94	121	112.0	0	0	0.0	0	0	0.0	0	0	0	0.0	LongestFirst	343	501	0	501	0	0	0	0
C90	451	6	0	0	104	133	114.66666666666667	0	0	0.0	0	0	0.0	0	0	0	0.0	LongestFirst	337	501	0	501	0	0	0	0
C91	501	6	0	0	117	139	124.5	0	0	0.0	0	0	0.0	0	0	0	0.0	LongestFirst	324	501	0	501	0	0	0	0
C92	501	6	0	0	116	135	126.0	0	0	0.0	0	0	0.0	0	0	0	0.0	LongestFirst	336	501	0	501	0	0	0	0
C93	501	6	0	0	107	135	126.16666666666667	0	0	0.0	0	0	0.0	0	0	0	0.0	LongestFirst	336	501	0	501	0	0	0	0
C94	501	6	0	0	114	133	123.5	0	0	0.0	0	0	0.0	0	0	0	0.0	LongestFirst	334	501	0	501	0	0	0	0
C95	501	6	0	0	98	138	123.0	0	0	0.0	0	0	0.0	0	0	0	0.0	LongestFirst	328	501	0	501	0	0	0	0
C96	501	6	0	0	117	133	126.16666666666667	0	0	0.0	0	0	0.0	0	0	0	0.0	LongestFirst	360	501	0	501	0	0	0	0
C97	501	6	0	0	110	139	124.16666666666667	0	0	0.0	0	0	0.0	0	0	0	0.0	LongestFirst	343	501	0	501	0	0	0	0
C98	501	6	0	0	106	132	123.0	0	0	0.0	0	0	0.0	0	0	0	0.0	LongestFirst	325	501	0	501	0	0	0	0
C99	501	6	0	0	115	144	126.5	0	0	0.0	0	0	0.0	0	0	0	0.0	LongestFirst	330	501	0	501	0	0	0	0
C100	501	6	0	0	114	140	126.5	0	0	0.0	0	0	0.0	0	0	0	0.0	LongestFirst	310	501	0	501	0	0	0	0
C101	551	6	0	0	126	160	136.83333333333334	0	0	0.0	0	0	0.0	0	0	0	0.0	LongestFirst	690	551	0	551	0	0	0	0
C102	551	6	0	0	123	152	137.0	0	0	0.0	0	0	0.0	0	0	0	0.0	LongestFirst	927	551	0	551	0	0	0	0
C103	551	6	0	0	119	149	134.83333333333334	0	0	0.0	0	0	0.0	0	0	0	0.0	LongestFirst	664	551	0	551	0	0	0	0
C104	551	6	0	0	123	151	138.0	0	0	0.0	0	0	0.0	0	0	0	0.0	LongestFirst	526	551	0	551	0	0	0	0
C105	551	6	0	0	130	152	139.0	0	0	0.0	0	0	0.0	0	0	0	0.0	LongestFirst	534	551	0	551	0	0	0	0
C106	551	6	0	0	120	154	135.0	0	0	0.0	0	0	0.0	0	0	0	0.0	LongestFirst	566	551	0	551	0	0	0	0
C107	551	6	0	0	127	149	140.0	0	0	0.0	0	0	0.0	0	0	0	0.0	LongestFirst	676	551	0	551	0	0	0	0
C108	551	6	0	0	134	150	140.16666666666666	0	0	0.0	0	0	0.0	0	0	0	0.0	LongestFirst	530	551	0	551	0	0	0	0
C109	551	6	0	0	128	150	137.83333333333334	0	0	0.0	0	0	0.0	0	0	0	0.0	LongestFirst	559	551	0	551	0	0	0	0
C110	551	6	0	0	123	153	139.33333333333334	0	0	0.0	0	0	0.0	0	0	0	0.0	LongestFirst	546	551	0	551	0	0	0	0
C111	501	60	0	0	5	21	12.433333333333334	0	0	0.0	0	0	0.0	0	0	0	0.0	LongestFirst	770	601	0	601	0	0	0	0
C112	501	60	0	0	5	22	12.666666666666666	0	0	0.0	0	0	0.0	0	0	0	0.0	LongestFirst	789	601	0	601	0	0	0	0
C113	501	60	0	0	5	23	12.45	0	0	0.0	0	0	0.0	0	0	0	0.0	LongestFirst	795	601	0	601	0	0	0	0
C114	501	60	0	0	6	20	12.233333333333333	0	0	0.0	0	0	0.0	0	0	0	0.0	LongestFirst	738	601	0	601	0	0	0	0
C115	501	60	0	0	7	19	12.233333333333333	0	0	0.0	0	0	0.0	0	0	0	0.0	LongestFirst	727	601	0	601	0	0	0	0
C116	501	60	0	0	6	25	12.683333333333334	0	0	0.0	0	0	0.0	0	0	0	0.0	LongestFirst	745	601	0	601	0	0	0	0
C117	501	60	0	0	3	22	12.416666666666666	0	0	0.0	0	0	0.0	0	0	0	0.0	LongestFirst	859	601	0	601	0	0	0	0
C118	501	60	0	0	5	19	12.316666666666666	0	0	0.0	0	0	0.0	0	0	0	0.0	LongestFirst	605	601	0	601	0	0	0	0
C119	501	60	0	0	5	20	12.6	0	0	0.0	0	0	0.0	0	0	0	0.0	LongestFirst	756	601	0	601	0	0	0	0
C120	501	60	0	0	6	22	12.833333333333334	0	0	0.0	0	0	0.0	0	0	0	0.0	LongestFirst	691	601	0	601	0	0	0	0
C121	651	6	0	0	152	186	163.16666666666666	0	0	0.0	0	0	0.0	0	0	0	0.0	LongestFirst	920	651	0	651	0	0	0	0
C122	651	6	0	0	152	178	163.5	0	0	0.0	0	0	0.0	0	0	0	0.0	LongestFirst	948	651	0	651	0	0	0	0
C123	651	6	0	0	143	176	159.16666666666666	0	0	0.0	0	0	0.0	0	0	0	0.0	LongestFirst	866	651	0	651	0	0	0	0
C124	651	6	0	0	132	180	161.0	0	0	0.0	0	0	0.0	0	0	0	0.0	LongestFirst	871	651	0	651	0	0	0	0
C125	206	5	5	0	52	74	58.2	5	5	5.0	0	0	0.0	0	3	15	9.48	LongestFirst	803	651	0	651	0	0	0	0
C126	651	6	0	0	157	172	164.16666666666666	0	0	0.0	0	0	0.0	0	0	0	0.0	LongestFirst	1009	651	0	651	0	0	0	0
C127	651	6	0	0	153	186	166.0	0	0	0.0	0	0	0.0	0	0	0	0.0	LongestFirst	874	651	0	651	0	0	0	0
C128	651	6	0	0	150	177	163.66666666666666	0	0	0.0	0	0	0.0	0	0	0	0.0	LongestFirst	931	651	0	651	0	0	0	0
C129	651	6	0	0	154	174	162.66666666666666	0	0	0.0	0	0	0.0	0	0	0	0.0	LongestFirst	843	651	0	651	0	0	0	0
C130	651	6	0	0	141	180	161.16666666666666	0	0	0.0	0	0	0.0	0	0	0	0.0	LongestFirst	853	651	0	651	0	0	0	0
C131	501	70	0	0	6	19	10.614285714285714	0	0	0.0	0	0	0.0	0	0	0	0.0	LongestFirst	1179	701	0	701	0	0	0	0
C132	206	5	5	0	51	72	60.6	5	5	5.0	0	0	0.0	0	4	17	10.36	LongestFirst	1086	701	0	701	0	0	0	0
C133	501	70	0	0	5	19	10.785714285714286	0	0	0.0	0	0	0.0	0	0	0	0.0	LongestFirst	1118	701	0	701	0	0	0	0
C134	501	70	0	0	1	17	10.5	0	0	0.0	0	0	0.0	0	0	0	0.0	LongestFirst	1007	701	0	701	0	0	0	0
C135	501	70	0	0	6	18	10.771428571428572	0	0	0.0	0	0	0.0	0	0	0	0.0	LongestFirst	1087	701	0	701	0	0	0	0
C136	501	70	0	0	5	17	10.5	0	0	0.0	0	0	0.0	0	0	0	0.0	LongestFirst	1109	701	0	701	0	0	0	0
C137	501	70	0	0	4	17	10.6	0	0	0.0	0	0	0.0	0	0	0	0.0	LongestFirst	980	701	0	701	0	0	0	0
C138	501	70	0	0	6	18	10.642857142857142	0	0	0.0	0	0	0.0	0	0	0	0.0	LongestFirst	952	701	0	701	0	0	0	0
C139	501	70	0	0	2	18	10.842857142857143	0	0	0.0	0	0	0.0	0	0	0	0.0	LongestFirst	1137	701	0	701	0	0	0	0
C140	501	70	0	0	3	17	10.685714285714285	0	0	0.0	0	0	0.0	0	0	0	0.0	LongestFirst	929	701	0	701	0	0	0	0
C141	751	6	0	0	178	212	188.0	0	0	0.0	0	0	0.0	0	0	0	0.0	LongestFirst	1395	751	0	751	0	0	0	0
C142	751	6	0	0	163	200	189.5	0	0	0.0	0	0	0.0	0	0	0	0.0	LongestFirst	1298	751	0	751	0	0	0	0
C143	751	6	0	0	171	204	187.16666666666666	0	0	0.0	0	0	0.0	0	0	0	0.0	LongestFirst	1257	751	0	751	0	0	0	0
C144	751	6	0	0	176	204	187.33333333333334	0	0	0.0	0	0	0.0	0	0	0	0.0	LongestFirst	1345	751	0	751	0	0	0	0
C145	751	6	0	0	176	206	187.5	0	0	0.0	0	0	0.0	0	0	0	0.0	LongestFirst	1328	751	0	751	0	0	0	0
C146	751	6	0	0	177	199	190.0	0	0	0.0	0	0	0.0	0	0	0	0.0	LongestFirst	1304	751	0	751	0	0	0	0
C147	751	6	0	0	172	200	189.16666666666666	0	0	0.0	0	0	0.0	0	0	0	0.0	LongestFirst	1382	751	0	751	0	0	0	0
C148	751	6	0	0	183	199	189.16666666666666	0	0	0.0	0	0	0.0	0	0	0	0.0	LongestFirst	1262	751	0	751	0	0	0	0
C149	751	6	0	0	167	208	188.5	0	0	0.0	0	0	0.0	0	0	0	0.0	LongestFirst	1428	751	0	751	0	0	0	0
C150	751	6	0	0	180	208	188.83333333333334	0	0	0.0	0	0	0.0	0	0	0	0.0	LongestFirst	1410	751	0	751	0	0	0	0
C151	501	80	0	0	2	18	9.3125	0	0	0.0	0	0	0.0	0	0	0	0.0	LongestFirst	2172	801	0	801	0	0	0	0
C152	501	80	0	0	3	18	9.525	0	0	0.0	0	0	0.0	0	0	0	0.0	LongestFirst	1898	801	0	801	0	0	0	0
C153	501	80	0	0	3	16	9.2375	0	0	0.0	0	0	0.0	0	0	0	0.0	LongestFirst	1569	801	0	801	0	0	0	0
C154	501	80	0	0	3	18	9.35	0	0	0.0	0	0	0.0	0	0	0	0.0	LongestFirst	1357	801	0	801	0	0	0	0
C155	501	80	0	0	3	18	9.4625	0	0	0.0	0	0	0.0	0	0	0	0.0	LongestFirst	2203	801	0	801	0	0	0	0
C156	501	80	0	0	4	19	9.575	0	0	0.0	0	0	0.0	0	0	0	0.0	LongestFirst	1409	801	0	801	0	0	0	0
C157	501	80	0	0	3	16	9.45	0	0	0.0	0	0	0.0	0	0	0	0.0	LongestFirst	1375	801	0	801	0	0	0	0
C158	501	80	0	0	3	16	9.575	0	0	0.0	0	0	0.0	0	0	0	0.0	LongestFirst	1659	801	0	801	0	0	0	0
C159	501	80	0	0	4	18	9.5375	0	0	0.0	0	0	0.0	0	0	0	0.0	LongestFirst	2042	801	0	801	0	0	0	0
C160	501	80	0	0	4	18	9.3	0	0	0.0	0	0	0.0	0	0	0	0.0	LongestFirst	2228	801	0	801	0	0	0	0
C161	851	6	0	0	204	238	211.83333333333334	0	0	0.0	0	0	0.0	0	0	0	0.0	LongestFirst	1990	851	0	851	0	0	0	0
C162	851	6	0	0	180	235	211.66666666666666	0	0	0.0	0	0	0.0	0	0	0	0.0	LongestFirst	2591	851	0	851	0	0	0	0
C163	851	6	0	0	180	229	210.16666666666666	0	0	0.0	0	0	0.0	0	0	0	0.0	LongestFirst	1671	851	0	851	0	0	0	0
C164	851	6	0	0	190	235	209.33333333333334	0	0	0.0	0	0	0.0	0	0	0	0.0	LongestFirst	1663	851	0	851	0	0	0	0
C165	851	6	0	0	209	225	214.5	0	0	0.0	0	0	0.0	0	0	0	0.0	LongestFirst	1799	851	0	851	0	0	0	0
C166	851	6	0	0	197	223	214.0	0	0	0.0	0	0	0.0	0	0	0	0.0	LongestFirst	1766	851	0	851	0	0	0	0
C167	851	6	0	0	202	235	214.5	0	0	0.0	0	0	0.0	0	0	0	0.0	LongestFirst	2131	851	0	851	0	0	0	0
C168	851	6	0	0	197	229	213.66666666666666	0	0	0.0	0	0	0.0	0	0	0	0.0	LongestFirst	1654	851	0	851	0	0	0	0
C169	851	6	0	0	200	229	211.0	0	0	0.0	0	0	0.0	0	0	0	0.0	LongestFirst	1952	851	0	851	0	0	0	0
C170	851	6	0	0	174	231	207.16666666666666	0	0	0.0	0	0	0.0	0	0	0	0.0	LongestFirst	1765	851	0	851	0	0	0	0
C171	501	90	0	0	2	19	8.433333333333334	0	0	0.0	0	0	0.0	0	0	0	0.0	LongestFirst	2204	901	0	901	0	0	0	0
C172	501	90	0	0	2	15	8.21111111111111	0	0	0.0	0	0	0.0	0	0	0	0.0	LongestFirst	2375	901	0	901	0	0	0	0
C173	501	90	0	0	2	19	8.311111111111112	0	0	0.0	0	0	0.0	0	0	0	0.0	LongestFirst	2087	901	0	901	0	0	0	0
C174	501	90	0	0	1	19	8.11111111111111	0	0	0.0	0	0	0.0	0	0	0	0.0	LongestFirst	2032	901	0	901	0	0	0	0
C175	501	90	0	0	1	18	8.166666666666666	0	0	0.0	0	0	0.0	0	0	0	0.0	LongestFirst	2088	901	0	901	0	0	0	0
C176	501	90	0	0	3	17	8.322222222222223	0	0	0.0	0	0	0.0	0	0	0	0.0	LongestFirst	1842	901	0	901	0	0	0	0
C177	501	90	0	0	3	15	8.366666666666667	0	0	0.0	0	0	0.0	0	0	0	0.0	LongestFirst	2130	901	0	901	0	0	0	0
C178	501	90	0	0	3	15	8.433333333333334	0	0	0.0	0	0	0.0	0	0	0	0.0	LongestFirst	1912	901	0	901	0	0	0	0
C179	501	90	0	0	2	20	8.466666666666667	0	0	0.0	0	0	0.0	0	0	0	0.0	LongestFirst	2130	901	0	901	0	0	0	0
C180	501	90	0	0	2	18	8.222222222222221	0	0	0.0	0	0	0.0	0	0	0	0.0	LongestFirst	2166	901	0	901	0	0	0	0
C181	501	95	0	0	3	15	7.88421052631579	0	0	0.0	0	0	0.0	0	0	0	0.0	LongestFirst	343	501	0	501	0	0	0	0
C182	501	95	0	0	1	17	7.905263157894737	0	0	0.0	0	0	0.0	0	0	0	0.0	LongestFirst	354	501	0	501	0	0	0	0
C183	501	95	0	0	2	15	8.16842105263158	0	0	0.0	0	0	0.0	0	0	0	0.0	LongestFirst	329	501	0	501	0	0	0	0
C184	501	95	0	0	2	15	7.726315789473684	0	0	0.0	0	0	0.0	0	0	0	0.0	LongestFirst	356	501	0	501	0	0	0	0
C185	501	95	0	0	2	16	7.989473684210527	0	0	0.0	0	0	0.0	0	0	0	0.0	LongestFirst	345	501	0	501	0	0	0	0
C186	501	95	0	0	1	16	7.7894736842105265	0	0	0.0	0	0	0.0	0	0	0	0.0	LongestFirst	344	501	0	501	0	0	0	0
C187	501	95	0	0	1	17	7.978947368421053	0	0	0.0	0	0	0.0	0	0	0	0.0	LongestFirst	343	501	0	501	0	0	0	0
C188	501	95	0	0	3	14	7.873684210526315	0	0	0.0	0	0	0.0	0	0	0	0.0	LongestFirst	348	501	0	501	0	0	0	0
C189	501	95	0	0	2	18	8.031578947368422	0	0	0.0	0	0	0.0	0	0	0	0.0	LongestFirst	358	501	0	501	0	0	0	0
C190	501	95	0	0	3	15	8.157894736842104	0	0	0.0	0	0	0.0	0	0	0	0.0	LongestFirst	335	501	0	501	0	0	0	0
C191	1001	6	0	0	241	279	251.16666666666666	0	0	0.0	0	0	0.0	0	0	0	0.0	LongestFirst	386	501	0	501	0	0	0	0
C192	1001	6	0	0	227	262	247.16666666666666	0	0	0.0	0	0	0.0	0	0	0	0.0	LongestFirst	491	501	0	501	0	0	0	0
C193	1001	6	0	0	227	272	249.33333333333334	0	0	0.0	0	0	0.0	0	0	0	0.0	LongestFirst	487	501	0	501	0	0	0	0
C194	1001	6	0	0	234	264	248.33333333333334	0	0	0.0	0	0	0.0	0	0	0	0.0	LongestFirst	370	501	0	501	0	0	0	0
C195	1001	6	0	0	236	281	253.83333333333334	0	0	0.0	0	0	0.0	0	0	0	0.0	LongestFirst	364	501	0	501	0	0	0	0
C196	1001	6	0	0	228	264	250.33333333333334	0	0	0.0	0	0	0.0	0	0	0	0.0	LongestFirst	353	501	0	501	0	0	0	0
C197	1001	6	0	0	230	279	251.66666666666666	0	0	0.0	0	0	0.0	0	0	0	0.0	LongestFirst	363	501	0	501	0	0	0	0
C198	1001	6	0	0	235	264	246.16666666666666	0	0	0.0	0	0	0.0	0	0	0	0.0	LongestFirst	378	501	0	501	0	0	0	0
C199	1001	6	0	0	228	272	249.33333333333334	0	0	0.0	0	0	0.0	0	0	0	0.0	LongestFirst	368	501	0	501	0	0	0	0
C200	1001	6	0	0	222	260	246.33333333333334	0	0	0.0	0	0	0.0	0	0	0	0.0	LongestFirst	376	501	0	501	0	0	0	0
C201	1051	6	0	0	251	294	264.3333333333333	0	0	0.0	0	0	0.0	0	0	0	0.0	LongestFirst	4080	1051	0	1051	0	0	0	0
C202	1051	6	0	0	239	281	260.0	0	0	0.0	0	0	0.0	0	0	0	0.0	LongestFirst	3369	1051	0	1051	0	0	0	0
C203	1051	6	0	0	243	271	261.5	0	0	0.0	0	0	0.0	0	0	0	0.0	LongestFirst	2873	1051	0	1051	0	0	0	0
C204	1051	6	0	0	256	278	265.0	0	0	0.0	0	0	0.0	0	0	0	0.0	LongestFirst	3292	1051	0	1051	0	0	0	0
C205	1051	6	0	0	252	280	264.8333333333333	0	0	0.0	0	0	0.0	0	0	0	0.0	LongestFirst	3196	1051	0	1051	0	0	0	0
C206	1051	6	0	0	254	270	261.5	0	0	0.0	0	0	0.0	0	0	0	0.0	LongestFirst	3173	1051	0	1051	0	0	0	0
C207	1051	6	0	0	249	292	261.3333333333333	0	0	0.0	0	0	0.0	0	0	0	0.0	LongestFirst	3071	1051	0	1051	0	0	0	0
C208	1051	6	0	0	227	279	256.1666666666667	0	0	0.0	0	0	0.0	0	0	0	0.0	LongestFirst	3375	1051	0	1051	0	0	0	0
C209	1051	6	0	0	257	265	261.3333333333333	0	0	0.0	0	0	0.0	0	0	0	0.0	LongestFirst	2984	1051	0	1051	0	0	0	0
C210	1051	6	0	0	217	279	259.3333333333333	0	0	0.0	0	0	0.0	0	0	0	0.0	LongestFirst	3277	1051	0	1051	0	0	0	0
C211	1101	6	0	0	260	310	276.1666666666667	0	0	0.0	0	0	0.0	0	0	0	0.0	LongestFirst	4017	1101	0	1101	0	0	0	0
C212	1101	6	0	0	255	299	273.5	0	0	0.0	0	0	0.0	0	0	0	0.0	LongestFirst	3560	1101	0	1101	0	0	0	0
C213	1101	6	0	0	246	292	272.8333333333333	0	0	0.0	0	0	0.0	0	0	0	0.0	LongestFirst	3322	1101	0	1101	0	0	0	0
C214	206	5	5	0	54	63	58.4	5	5	5.0	0	0	0.0	0	3	15	9.6	LongestFirst	3570	1101	0	1101	0	0	0	0
C215	1101	6	0	0	258	292	277.1666666666667	0	0	0.0	0	0	0.0	0	0	0	0.0	LongestFirst	3153	1101	0	1101	0	0	0	0
C216	1101	6	0	0	257	291	275.3333333333333	0	0	0.0	0	0	0.0	0	0	0	0.0	LongestFirst	3335	1101	0	1101	0	0	0	0
C217	1101	6	0	0	258	291	273.6666666666667	0	0	0.0	0	0	0.0	0	0	0	0.0	LongestFirst	3744	1101	0	1101	0	0	0	0
C218	1101	6	0	0	234	304	271.5	0	0	0.0	0	0	0.0	0	0	0	0.0	LongestFirst	3945	1101	0	1101	0	0	0	0
C219	1101	6	0	0	239	290	269.5	0	0	0.0	0	0	0.0	0	0	0	0.0	LongestFirst	4576	1101	0	1101	0	0	0	0
C220	1101	6	0	0	263	287	273.8333333333333	0	0	0.0	0	0	0.0	0	0	0	0.0	LongestFirst	3571	1101	0	1101	0	0	0	0
C221	1151	6	0	0	271	319	289.8333333333333	0	0	0.0	0	0	0.0	0	0	0	0.0	LongestFirst	5268	1151	0	1151	0	0	0	0
C222	1151	6	0	0	254	316	284.8333333333333	0	0	0.0	0	0	0.0	0	0	0	0.0	LongestFirst	4100	1151	0	1151	0	0	0	0
C223	1151	6	0	0	263	309	286.0	0	0	0.0	0	0	0.0	0	0	0	0.0	LongestFirst	3944	1151	0	1151	0	0	0	0
C224	1151	6	0	0	277	298	289.1666666666667	0	0	0.0	0	0	0.0	0	0	0	0.0	LongestFirst	3996	1151	0	1151	0	0	0	0
C225	1151	6	0	0	275	295	288.5	0	0	0.0	0	0	0.0	0	0	0	0.0	LongestFirst	3708	1151	0	1151	0	0	0	0
C226	1151	6	0	0	257	313	288.0	0	0	0.0	0	0	0.0	0	0	0	0.0	LongestFirst	3619	1151	0	1151	0	0	0	0
C227	1151	6	0	0	267	307	284.0	0	0	0.0	0	0	0.0	0	0	0	0.0	LongestFirst	4562	1151	0	1151	0	0	0	0
C228	1151	6	0	0	274	307	288.5	0	0	0.0	0	0	0.0	0	0	0	0.0	LongestFirst	5650	1151	0	1151	0	0	0	0
C229	1151	6	0	0	252	298	285.3333333333333	0	0	0.0	0	0	0.0	0	0	0	0.0	LongestFirst	5199	1151	0	1151	0	0	0	0
C230	1151	6	0	0	277	296	286.8333333333333	0	0	0.0	0	0	0.0	0	0	0	0.0	LongestFirst	4665	1151	0	1151	0	0	0	0
C241	1251	6	0	0	299	344	316.1666666666667	0	0	0.0	0	0	0.0	0	0	0	0.0	LongestFirst	6882	1251	0	1251	0	0	0	0
C242	1251	6	0	0	287	330	308.6666666666667	0	0	0.0	0	0	0.0	0	0	0	0.0	LongestFirst	4882	1251	0	1251	0	0	0	0
C243	1251	6	0	0	296	342	310.6666666666667	0	0	0.0	0	0	0.0	0	0	0	0.0	LongestFirst	4969	1251	0	1251	0	0	0	0
C244	1251	6	0	0	301	338	317.0	0	0	0.0	0	0	0.0	0	0	0	0.0	LongestFirst	4583	1251	0	1251	0	0	0	0
C245	1251	6	0	0	298	327	311.0	0	0	0.0	0	0	0.0	0	0	0	0.0	LongestFirst	5451	1251	0	1251	0	0	0	0
C246	1251	6	0	0	306	335	314.0	0	0	0.0	0	0	0.0	0	0	0	0.0	LongestFirst	5275	1251	0	1251	0	0	0	0
C247	1251	6	0	0	269	336	308.6666666666667	0	0	0.0	0	0	0.0	0	0	0	0.0	LongestFirst	4919	1251	0	1251	0	0	0	0
C248	1251	6	0	0	279	321	309.5	0	0	0.0	0	0	0.0	0	0	0	0.0	LongestFirst	4795	1251	0	1251	0	0	0	0
C249	1251	6	0	0	294	320	309.3333333333333	0	0	0.0	0	0	0.0	0	0	0	0.0	LongestFirst	5372	1251	0	1251	0	0	0	0
C250	1251	6	0	0	304	322	313.8333333333333	0	0	0.0	0	0	0.0	0	0	0	0.0	LongestFirst	4992	1251	0	1251	0	0	0	0
C251	1301	6	0	0	309	355	327.0	0	0	0.0	0	0	0.0	0	0	0	0.0	LongestFirst	7363	1301	0	1301	0	0	0	0
C252	1301	6	0	0	296	351	320.8333333333333	0	0	0.0	0	0	0.0	0	0	0	0.0	LongestFirst	6997	1301	0	1301	0	0	0	0
C253	1301	6	0	0	308	352	323.3333333333333	0	0	0.0	0	0	0.0	0	0	0	0.0	LongestFirst	7384	1301	0	1301	0	0	0	0
C254	1301	6	0	0	311	356	329.0	0	0	0.0	0	0	0.0	0	0	0	0.0	LongestFirst	6447	1301	0	1301	0	0	0	0
C255	1301	6	0	0	312	338	324.5	0	0	0.0	0	0	0.0	0	0	0	0.0	LongestFirst	5615	1301	0	1301	0	0	0	0
C256	1301	6	0	0	307	343	322.8333333333333	0	0	0.0	0	0	0.0	0	0	0	0.0	LongestFirst	7165	1301	0	1301	0	0	0	0
C257	1301	6	0	0	310	341	323.3333333333333	0	0	0.0	0	0	0.0	0	0	0	0.0	LongestFirst	6466	1301	0	1301	0	0	0	0
C258	1301	6	0	0	282	342	321.5	0	0	0.0	0	0	0.0	0	0	0	0.0	LongestFirst	5877	1301	0	1301	0	0	0	0
C259	1301	6	0	0	315	332	325.0	0	0	0.0	0	0	0.0	0	0	0	0.0	LongestFirst	6026	1301	0	1301	0	0	0	0
C260	1301	6	0	0	299	342	321.6666666666667	0	0	0.0	0	0	0.0	0	0	0	0.0	LongestFirst	6701	1301	0	1301	0	0	0	0
C261	1351	6	0	0	318	366	339.3333333333333	0	0	0.0	0	0	0.0	0	0	0	0.0	LongestFirst	6486	1351	0	1351	0	0	0	0
C262	1351	6	0	0	302	369	336.1666666666667	0	0	0.0	0	0	0.0	0	0	0	0.0	LongestFirst	5693	1351	0	1351	0	0	0	0
C263	1351	6	0	0	318	358	335.3333333333333	0	0	0.0	0	0	0.0	0	0	0	0.0	LongestFirst	6085	1351	0	1351	0	0	0	0
C264	1351	6	0	0	325	353	340.3333333333333	0	0	0.0	0	0	0.0	0	0	0	0.0	LongestFirst	5066	1351	0	1351	0	0	0	0
C265	1351	6	0	0	310	367	339.6666666666667	0	0	0.0	0	0	0.0	0	0	0	0.0	LongestFirst	5536	1351	0	1351	0	0	0	0
C266	1351	6	0	0	310	365	333.6666666666667	0	0	0.0	0	0	0.0	0	0	0	0.0	LongestFirst	6270	1351	0	1351	0	0	0	0
C267	1351	6	0	0	315	347	335.1666666666667	0	0	0.0	0	0	0.0	0	0	0	0.0	LongestFirst	5782	1351	0	1351	0	0	0	0
C268	1351	6	0	0	315	353	332.3333333333333	0	0	0.0	0	0	0.0	0	0	0	0.0	LongestFirst	6320	1351	0	1351	0	0	0	0
C269	1351	6	0	0	326	342	336.5	0	0	0.0	0	0	0.0	0	0	0	0.0	LongestFirst	5699	1351	0	1351	0	0	0	0
C270	1351	6	0	0	315	349	333.0	0	0	0.0	0	0	0.0	0	0	0	0.0	LongestFirst	6031	1351	0	1351	0	0	0	0
C271	1401	6	0	0	332	383	353.5	0	0	0.0	0	0	0.0	0	0	0	0.0	LongestFirst	7917	1401	0	1401	0	0	0	0
C272	1401	6	0	0	325	378	350.6666666666667	0	0	0.0	0	0	0.0	0	0	0	0.0	LongestFirst	7148	1401	0	1401	0	0	0	0
C273	1401	6	0	0	332	373	350.5	0	0	0.0	0	0	0.0	0	0	0	0.0	LongestFirst	8265	1401	0	1401	0	0	0	0
C274	1401	6	0	0	337	365	351.6666666666667	0	0	0.0	0	0	0.0	0	0	0	0.0	LongestFirst	7244	1401	0	1401	0	0	0	0
C275	1401	6	0	0	327	380	351.0	0	0	0.0	0	0	0.0	0	0	0	0.0	LongestFirst	8743	1401	0	1401	0	0	0	0
C276	1401	6	0	0	314	367	343.5	0	0	0.0	0	0	0.0	0	0	0	0.0	LongestFirst	9637	1401	0	1401	0	0	0	0
C277	1401	6	0	0	328	357	348.0	0	0	0.0	0	0	0.0	0	0	0	0.0	LongestFirst	10599	1401	0	1401	0	0	0	0
C278	1401	6	0	0	330	363	348.3333333333333	0	0	0.0	0	0	0.0	0	0	0	0.0	LongestFirst	7273	1401	0	1401	0	0	0	0
C279	1401	6	0	0	336	366	349.1666666666667	0	0	0.0	0	0	0.0	0	0	0	0.0	LongestFirst	6577	1401	0	1401	0	0	0	0
C280	1401	6	0	0	325	357	345.5	0	0	0.0	0	0	0.0	0	0	0	0.0	LongestFirst	6154	1401	0	1401	0	0	0	0
C291	1501	6	0	0	347	408	377.3333333333333	0	0	0.0	0	0	0.0	0	0	0	0.0	LongestFirst	8767	1501	0	1501	0	0	0	0
C292	1501	6	0	0	342	399	374.0	0	0	0.0	0	0	0.0	0	0	0	0.0	LongestFirst	7893	1501	0	1501	0	0	0	0
C293	1501	6	0	0	360	399	378.5	0	0	0.0	0	0	0.0	0	0	0	0.0	LongestFirst	8820	1501	0	1501	0	0	0	0
C294	1501	6	0	0	366	391	376.8333333333333	0	0	0.0	0	0	0.0	0	0	0	0.0	LongestFirst	8033	1501	0	1501	0	0	0	0
C295	1501	6	0	0	364	406	378.6666666666667	0	0	0.0	0	0	0.0	0	0	0	0.0	LongestFirst	8020	1501	0	1501	0	0	0	0
C296	1501	6	0	0	332	408	371.5	0	0	0.0	0	0	0.0	0	0	0	0.0	LongestFirst	8158	1501	0	1501	0	0	0	0
C297	1501	6	0	0	326	388	369.6666666666667	0	0	0.0	0	0	0.0	0	0	0	0.0	LongestFirst	8513	1501	0	1501	0	0	0	0
C298	1501	6	0	0	370	386	376.0	0	0	0.0	0	0	0.0	0	0	0	0.0	LongestFirst	7589	1501	0	1501	0	0	0	0
C299	1501	6	0	0	354	389	371.8333333333333	0	0	0.0	0	0	0.0	0	0	0	0.0	LongestFirst	10081	1501	0	1501	0	0	0	0
C300	1501	6	0	0	333	419	373.8333333333333	0	0	0.0	0	0	0.0	0	0	0	0.0	LongestFirst	8128	1501	0	1501	0	0	0	0
C301	1551	6	0	0	357	418	389.0	0	0	0.0	0	0	0.0	0	0	0	0.0	LongestFirst	10359	1551	0	1551	0	0	0	0
C302	1551	6	0	0	359	409	385.8333333333333	0	0	0.0	0	0	0.0	0	0	0	0.0	LongestFirst	10875	1551	0	1551	0	0	0	0
C303	1551	6	0	0	382	414	392.0	0	0	0.0	0	0	0.0	0	0	0	0.0	LongestFirst	9831	1551	0	1551	0	0	0	0
C304	1551	6	0	0	380	400	387.1666666666667	0	0	0.0	0	0	0.0	0	0	0	0.0	LongestFirst	10598	1551	0	1551	0	0	0	0
C305	1551	6	0	0	375	403	386.3333333333333	0	0	0.0	0	0	0.0	0	0	0	0.0	LongestFirst	11445	1551	0	1551	0	0	0	0
C306	1551	6	0	0	367	402	385.8333333333333	0	0	0.0	0	0	0.0	0	0	0	0.0	LongestFirst	10311	1551	0	1551	0	0	0	0
C307	1551	6	0	0	357	404	384.1666666666667	0	0	0.0	0	0	0.0	0	0	0	0.0	LongestFirst	9640	1551	0	1551	0	0	0	0
C308	1551	6	0	0	374	404	386.8333333333333	0	0	0.0	0	0	0.0	0	0	0	0.0	LongestFirst	10453	1551	0	1551	0	0	0	0
C309	1551	6	0	0	344	399	380.6666666666667	0	0	0.0	0	0	0.0	0	0	0	0.0	LongestFirst	7702	1551	0	1551	0	0	0	0
C310	1551	6	0	0	371	407	386.3333333333333	0	0	0.0	0	0	0.0	0	0	0	0.0	LongestFirst	10743	1551	0	1551	0	0	0	0
C311	1601	6	0	0	366	429	400.6666666666667	0	0	0.0	0	0	0.0	0	0	0	0.0	LongestFirst	12685	1601	0	1601	0	0	0	0
C312	1601	6	0	0	363	422	397.6666666666667	0	0	0.0	0	0	0.0	0	0	0	0.0	LongestFirst	10582	1601	0	1601	0	0	0	0
C313	1601	6	0	0	389	424	404.6666666666667	0	0	0.0	0	0	0.0	0	0	0	0.0	LongestFirst	9902	1601	0	1601	0	0	0	0
C314	1601	6	0	0	383	414	401.1666666666667	0	0	0.0	0	0	0.0	0	0	0	0.0	LongestFirst	9706	1601	0	1601	0	0	0	0
C315	1601	6	0	0	371	421	396.6666666666667	0	0	0.0	0	0	0.0	0	0	0	0.0	LongestFirst	11837	1601	0	1601	0	0	0	0
C316	1601	6	0	0	378	416	397.3333333333333	0	0	0.0	0	0	0.0	0	0	0	0.0	LongestFirst	10798	1601	0	1601	0	0	0	0
C317	1601	6	0	0	380	412	399.1666666666667	0	0	0.0	0	0	0.0	0	0	0	0.0	LongestFirst	10348	1601	0	1601	0	0	0	0
C318	1601	6	0	0	379	412	397.5	0	0	0.0	0	0	0.0	0	0	0	0.0	LongestFirst	10175	1601	0	1601	0	0	0	0
C319	1601	6	0	0	372	411	396.1666666666667	0	0	0.0	0	0	0.0	0	0	0	0.0	LongestFirst	12285	1601	0	1601	0	0	0	0
C320	1601	6	0	0	384	431	402.3333333333333	0	0	0.0	0	0	0.0	0	0	0	0.0	LongestFirst	9463	1601	0	1601	0	0	0	0
C321	1651	6	0	0	378	439	412.1666666666667	0	0	0.0	0	0	0.0	0	0	0	0.0	LongestFirst	11088	1651	0	1651	0	0	0	0
C322	1651	6	0	0	373	444	411.0	0	0	0.0	0	0	0.0	0	0	0	0.0	LongestFirst	11333	1651	0	1651	0	0	0	0
C323	1651	6	0	0	391	432	415.0	0	0	0.0	0	0	0.0	0	0	0	0.0	LongestFirst	11482	1651	0	1651	0	0	0	0
C324	1651	6	0	0	379	433	411.5	0	0	0.0	0	0	0.0	0	0	0	0.0	LongestFirst	12604	1651	0	1651	0	0	0	0
C325	1651	6	0	0	375	433	407.3333333333333	0	0	0.0	0	0	0.0	0	0	0	0.0	LongestFirst	12991	1651	0	1651	0	0	0	0
C326	1651	6	0	0	393	418	410.3333333333333	0	0	0.0	0	0	0.0	0	0	0	0.0	LongestFirst	11934	1651	0	1651	0	0	0	0
C327	1651	6	0	0	401	420	408.1666666666667	0	0	0.0	0	0	0.0	0	0	0	0.0	LongestFirst	10593	1651	0	1651	0	0	0	0
C328	1651	6	0	0	380	439	409.0	0	0	0.0	0	0	0.0	0	0	0	0.0	LongestFirst	10672	1651	0	1651	0	0	0	0
C329	1651	6	0	0	378	449	406.8333333333333	0	0	0.0	0	0	0.0	0	0	0	0.0	LongestFirst	10965	1651	0	1651	0	0	0	0
C330	1651	6	0	0	386	441	413.3333333333333	0	0	0.0	0	0	0.0	0	0	0	0.0	LongestFirst	10706	1651	0	1651	0	0	0	0
C331	1701	6	0	0	396	450	426.3333333333333	0	0	0.0	0	0	0.0	0	0	0	0.0	LongestFirst	12533	1701	0	1701	0	0	0	0
C332	1701	6	0	0	379	456	422.8333333333333	0	0	0.0	0	0	0.0	0	0	0	0.0	LongestFirst	12176	1701	0	1701	0	0	0	0
C333	1701	6	0	0	410	443	429.3333333333333	0	0	0.0	0	0	0.0	0	0	0	0.0	LongestFirst	13170	1701	0	1701	0	0	0	0
C334	1701	6	0	0	404	449	426.5	0	0	0.0	0	0	0.0	0	0	0	0.0	LongestFirst	11313	1701	0	1701	0	0	0	0
C335	1701	6	0	0	390	436	418.0	0	0	0.0	0	0	0.0	0	0	0	0.0	LongestFirst	13445	1701	0	1701	0	0	0	0
C336	1701	6	0	0	391	447	422.8333333333333	0	0	0.0	0	0	0.0	0	0	0	0.0	LongestFirst	12660	1701	0	1701	0	0	0	0
C337	1701	6	0	0	414	434	425.6666666666667	0	0	0.0	0	0	0.0	0	0	0	0.0	LongestFirst	11531	1701	0	1701	0	0	0	0
C338	1701	6	0	0	409	431	421.5	0	0	0.0	0	0	0.0	0	0	0	0.0	LongestFirst	11383	1701	0	1701	0	0	0	0
C339	206	5	5	0	53	66	61.4	5	5	5.0	0	0	0.0	0	5	16	10.04	LongestFirst	23	204	0	205	1	124	124	124.0
C340	1701	6	0	0	366	476	423.1666666666667	0	0	0.0	0	0	0.0	0	0	0	0.0	LongestFirst	13367	1701	0	1701	0	0	0	0
C341	1751	6	0	0	403	457	437.8333333333333	0	0	0.0	0	0	0.0	0	0	0	0.0	LongestFirst	12446	1751	0	1751	0	0	0	0
C342	1751	6	0	0	394	468	436.5	0	0	0.0	0	0	0.0	0	0	0	0.0	LongestFirst	11399	1751	0	1751	0	0	0	0
C343	1751	6	0	0	415	458	441.0	0	0	0.0	0	0	0.0	0	0	0	0.0	LongestFirst	14712	1751	0	1751	0	0	0	0
C344	1751	6	0	0	406	471	438.0	0	0	0.0	0	0	0.0	0	0	0	0.0	LongestFirst	12382	1751	0	1751	0	0	0	0
C345	1751	6	0	0	401	457	433.0	0	0	0.0	0	0	0.0	0	0	0	0.0	LongestFirst	14186	1751	0	1751	0	0	0	0
C346	206	5	5	0	54	71	63.4	5	5	5.0	0	0	0.0	0	3	17	10.8	LongestFirst	13833	1751	0	1751	0	0	0	0
C347	1751	6	0	0	422	461	439.0	0	0	0.0	0	0	0.0	0	0	0	0.0	LongestFirst	13250	1751	0	1751	0	0	0	0
C348	1751	6	0	0	410	441	430.0	0	0	0.0	0	0	0.0	0	0	0	0.0	LongestFirst	11107	1751	0	1751	0	0	0	0
C349	1751	6	0	0	425	456	437.8333333333333	0	0	0.0	0	0	0.0	0	0	0	0.0	LongestFirst	13138	1751	0	1751	0	0	0	0
C350	1751	6	0	0	419	487	439.3333333333333	0	0	0.0	0	0	0.0	0	0	0	0.0	LongestFirst	13222	1751	0	1751	0	0	0	0
C351	1801	6	0	0	417	475	450.6666666666667	0	0	0.0	0	0	0.0	0	0	0	0.0	LongestFirst	15792	1801	0	1801	0	0	0	0
C352	1801	6	0	0	401	475	449.1666666666667	0	0	0.0	0	0	0.0	0	0	0	0.0	LongestFirst	13361	1801	0	1801	0	0	0	0
C353	1801	6	0	0	435	470	453.6666666666667	0	0	0.0	0	0	0.0	0	0	0	0.0	LongestFirst	11968	1801	0	1801	0	0	0	0
C354	1801	6	0	0	429	483	451.5	0	0	0.0	0	0	0.0	0	0	0	0.0	LongestFirst	14251	1801	0	1801	0	0	0	0
C355	1801	6	0	0	411	482	444.0	0	0	0.0	0	0	0.0	0	0	0	0.0	LongestFirst	13422	1801	0	1801	0	0	0	0
C356	1801	6	0	0	414	464	443.1666666666667	0	0	0.0	0	0	0.0	0	0	0	0.0	LongestFirst	13902	1801	0	1801	0	0	0	0
C357	1801	6	0	0	435	470	448.6666666666667	0	0	0.0	0	0	0.0	0	0	0	0.0	LongestFirst	12409	1801	0	1801	0	0	0	0
C358	1801	6	0	0	417	469	446.3333333333333	0	0	0.0	0	0	0.0	0	0	0	0.0	LongestFirst	13863	1801	0	1801	0	0	0	0
C359	1801	6	0	0	422	487	451.3333333333333	0	0	0.0	0	0	0.0	0	0	0	0.0	LongestFirst	13903	1801	0	1801	0	0	0	0
C360	1801	6	0	0	434	480	451.3333333333333	0	0	0.0	0	0	0.0	0	0	0	0.0	LongestFirst	14417	1801	0	1801	0	0	0	0
C361	1851	6	0	0	427	486	462.6666666666667	0	0	0.0	0	0	0.0	0	0	0	0.0	LongestFirst	15042	1851	0	1851	0	0	0	0
C362	1851	6	0	0	439	479	459.3333333333333	0	0	0.0	0	0	0.0	0	0	0	0.0	LongestFirst	14704	1851	0	1851	0	0	0	0
C363	1851	6	0	0	449	485	469.0	0	0	0.0	0	0	0.0	0	0	0	0.0	LongestFirst	12635	1851	0	1851	0	0	0	0
C364	1851	6	0	0	429	500	462.8333333333333	0	0	0.0	0	0	0.0	0	0	0	0.0	LongestFirst	17427	1851	0	1851	0	0	0	0
C365	1851	6	0	0	430	485	458.1666666666667	0	0	0.0	0	0	0.0	0	0	0	0.0	LongestFirst	15641	1851	0	1851	0	0	0	0
C366	1851	6	0	0	427	477	460.1666666666667	0	0	0.0	0	0	0.0	0	0	0	0.0	LongestFirst	15605	1851	0	1851	0	0	0	0
C367	1851	6	0	0	442	481	460.5	0	0	0.0	0	0	0.0	0	0	0	0.0	LongestFirst	14523	1851	0	1851	0	0	0	0
C368	1851	6	0	0	435	484	456.8333333333333	0	0	0.0	0	0	0.0	0	0	0	0.0	LongestFirst	14622	1851	0	1851	0	0	0	0
C369	1851	6	0	0	427	495	461.6666666666667	0	0	0.0	0	0	0.0	0	0	0	0.0	LongestFirst	14641	1851	0	1851	0	0	0	0
C370	1851	6	0	0	436	485	461.0	0	0	0.0	0	0	0.0	0	0	0	0.0	LongestFirst	16269	1851	0	1851	0	0	0	0
C371	1901	6	0	0	440	499	474.0	0	0	0.0	0	0	0.0	0	0	0	0.0	LongestFirst	20287	1901	0	1901	0	0	0	0
C372	1901	6	0	0	451	497	473.5	0	0	0.0	0	0	0.0	0	0	0	0.0	LongestFirst	17535	1901	0	1901	0	0	0	0
C373	1901	6	0	0	460	495	478.5	0	0	0.0	0	0	0.0	0	0	0	0.0	LongestFirst	15275	1901	0	1901	0	0	0	0
C374	1901	6	0	0	446	495	473.5	0	0	0.0	0	0	0.0	0	0	0	0.0	LongestFirst	19099	1901	0	1901	0	0	0	0
C375	1901	6	0	0	451	490	470.0	0	0	0.0	0	0	0.0	0	0	0	0.0	LongestFirst	15656	1901	0	1901	0	0	0	0
C376	1901	6	0	0	445	487	471.6666666666667	0	0	0.0	0	0	0.0	0	0	0	0.0	LongestFirst	16073	1901	0	1901	0	0	0	0
C377	1901	6	0	0	454	495	471.1666666666667	0	0	0.0	0	0	0.0	0	0	0	0.0	LongestFirst	15879	1901	0	1901	0	0	0	0
C378	1901	6	0	0	453	513	472.1666666666667	0	0	0.0	0	0	0.0	0	0	0	0.0	LongestFirst	18591	1901	0	1901	0	0	0	0
C379	1901	6	0	0	425	537	476.0	0	0	0.0	0	0	0.0	0	0	0	0.0	LongestFirst	15672	1901	0	1901	0	0	0	0
C380	1901	6	0	0	455	485	473.3333333333333	0	0	0.0	0	0	0.0	0	0	0	0.0	LongestFirst	16115	1901	0	1901	0	0	0	0
C381	1951	6	0	0	448	512	486.6666666666667	0	0	0.0	0	0	0.0	0	0	0	0.0	LongestFirst	16591	1951	0	1951	0	0	0	0
C382	1951	6	0	0	469	507	488.1666666666667	0	0	0.0	0	0	0.0	0	0	0	0.0	LongestFirst	17235	1951	0	1951	0	0	0	0
C383	1951	6	0	0	466	507	489.8333333333333	0	0	0.0	0	0	0.0	0	0	0	0.0	LongestFirst	12507	1951	0	1951	0	0	0	0
C384	1951	6	0	0	472	513	487.5	0	0	0.0	0	0	0.0	0	0	0	0.0	LongestFirst	16525	1951	0	1951	0	0	0	0
C385	1951	6	0	0	473	498	483.0	0	0	0.0	0	0	0.0	0	0	0	0.0	LongestFirst	17334	1951	0	1951	0	0	0	0
C386	1951	6	0	0	473	499	484.3333333333333	0	0	0.0	0	0	0.0	0	0	0	0.0	LongestFirst	16096	1951	0	1951	0	0	0	0
C387	1951	6	0	0	471	492	481.5	0	0	0.0	0	0	0.0	0	0	0	0.0	LongestFirst	14953	1951	0	1951	0	0	0	0
C388	1951	6	0	0	463	508	490.3333333333333	0	0	0.0	0	0	0.0	0	0	0	0.0	LongestFirst	19185	1951	0	1951	0	0	0	0
C389	1951	6	0	0	470	532	487.3333333333333	0	0	0.0	0	0	0.0	0	0	0	0.0	LongestFirst	18110	1951	0	1951	0	0	0	0
C390	1951	6	0	0	464	509	484.1666666666667	0	0	0.0	0	0	0.0	0	0	0	0.0	LongestFirst	15993	1951	0	1951	0	0	0	0
C391	2001	6	0	0	465	519	499.1666666666667	0	0	0.0	0	0	0.0	0	0	0	0.0	LongestFirst	20578	2001	0	2001	0	0	0	0
C392	206	5	5	0	54	71	60.8	5	5	5.0	0	0	0.0	0	4	17	10.2	LongestFirst	23244	2001	0	2001	0	0	0	0
C393	2001	6	0	0	481	523	502.0	0	0	0.0	0	0	0.0	0	0	0	0.0	LongestFirst	15322	2001	0	2001	0	0	0	0
C394	2001	6	0	0	479	521	497.0	0	0	0.0	0	0	0.0	0	0	0	0.0	LongestFirst	18584	2001	0	2001	0	0	0	0
C395	2001	6	0	0	484	516	498.0	0	0	0.0	0	0	0.0	0	0	0	0.0	LongestFirst	20313	2001	0	2001	0	0	0	0
C396	2001	6	0	0	488	510	498.8333333333333	0	0	0.0	0	0	0.0	0	0	0	0.0	LongestFirst	16230	2001	0	2001	0	0	0	0
C397	2001	6	0	0	470	508	491.8333333333333	0	0	0.0	0	0	0.0	0	0	0	0.0	LongestFirst	14419	2001	0	2001	0	0	0	0
C398	2001	6	0	0	473	526	499.8333333333333	0	0	0.0	0	0	0.0	0	0	0	0.0	LongestFirst	15902	2001	0	2001	0	0	0	0
C399	2001	6	0	0	480	543	502.6666666666667	0	0	0.0	0	0	0.0	0	0	0	0.0	LongestFirst	19874	2001	0	2001	0	0	0	0
C400	2001	6	0	0	466	523	496.1666666666667	0	0	0.0	0	0	0.0	0	0	0	0.0	LongestFirst	16811	2001	0	2001	0	0	0	0
C401	2051	6	0	0	468	534	511.5	0	0	0.0	0	0	0.0	0	0	0	0.0	LongestFirst	20591	2051	0	2051	0	0	0	0
C402	2051	6	0	0	488	546	511.8333333333333	0	0	0.0	0	0	0.0	0	0	0	0.0	LongestFirst	20069	2051	0	2051	0	0	0	0
C403	2051	6	0	0	497	528	513.0	0	0	0.0	0	0	0.0	0	0	0	0.0	LongestFirst	18269	2051	0	2051	0	0	0	0
C404	2051	6	0	0	475	536	508.3333333333333	0	0	0.0	0	0	0.0	0	0	0	0.0	LongestFirst	21000	2051	0	2051	0	0	0	0
C405	2051	6	0	0	479	530	511.8333333333333	0	0	0.0	0	0	0.0	0	0	0	0.0	LongestFirst	20927	2051	0	2051	0	0	0	0
C406	2051	6	0	0	502	526	513.1666666666666	0	0	0.0	0	0	0.0	0	0	0	0.0	LongestFirst	18750	2051	0	2051	0	0	0	0
C407	2051	6	0	0	474	543	509.3333333333333	0	0	0.0	0	0	0.0	0	0	0	0.0	LongestFirst	20361	2051	0	2051	0	0	0	0
C408	2051	6	0	0	487	541	513.1666666666666	0	0	0.0	0	0	0.0	0	0	0	0.0	LongestFirst	19016	2051	0	2051	0	0	0	0
C409	2051	6	0	0	486	548	514.5	0	0	0.0	0	0	0.0	0	0	0	0.0	LongestFirst	20642	2051	0	2051	0	0	0	0
C410	2051	6	0	0	476	537	509.0	0	0	0.0	0	0	0.0	0	0	0	0.0	LongestFirst	17413	2051	0	2051	0	0	0	0
C411	2101	6	0	0	487	547	525.0	0	0	0.0	0	0	0.0	0	0	0	0.0	LongestFirst	24339	2101	0	2101	0	0	0	0
C412	2101	6	0	0	501	550	524.8333333333334	0	0	0.0	0	0	0.0	0	0	0	0.0	LongestFirst	22363	2101	0	2101	0	0	0	0
C413	2101	6	0	0	515	545	526.0	0	0	0.0	0	0	0.0	0	0	0	0.0	LongestFirst	20260	2101	0	2101	0	0	0	0
C414	2101	6	0	0	472	548	520.5	0	0	0.0	0	0	0.0	0	0	0	0.0	LongestFirst	24693	2101	0	2101	0	0	0	0
C415	2101	6	0	0	474	538	519.1666666666666	0	0	0.0	0	0	0.0	0	0	0	0.0	LongestFirst	20954	2101	0	2101	0	0	0	0
C416	2101	6	0	0	504	550	524.5	0	0	0.0	0	0	0.0	0	0	0	0.0	LongestFirst	21645	2101	0	2101	0	0	0	0
C417	2101	6	0	0	495	548	519.8333333333334	0	0	0.0	0	0	0.0	0	0	0	0.0	LongestFirst	21902	2101	0	2101	0	0	0	0
C418	2101	6	0	0	484	564	523.1666666666666	0	0	0.0	0	0	0.0	0	0	0	0.0	LongestFirst	25811	2101	0	2101	0	0	0	0
C419	2101	6	0	0	508	540	524.1666666666666	0	0	0.0	0	0	0.0	0	0	0	0.0	LongestFirst	24107	2101	0	2101	0	0	0	0
C420	2101	6	0	0	496	537	520.0	0	0	0.0	0	0	0.0	0	0	0	0.0	LongestFirst	20656	2101	0	2101	0	0	0	0
C463	206	5	5	0	54	68	60.8	5	5	5.0	0	0	0.0	0	2	17	9.8	LongestFirst	32	201	0	202	1	41	41	41.0
C466	206	5	5	0	51	66	60.2	5	5	5.0	0	0	0.0	0	5	17	10.08	LongestFirst	24	201	0	201	0	0	0	0
C474	206	5	5	0	47	69	60.2	5	5	5.0	0	0	0.0	0	5	15	10.28	LongestFirst	24	209	0	210	1	100	100	100.0
C1001	1127	6	0	62	41	189	155.66666666666666	0	0	0.0	0	3	0.6666666666666666	2	0	0	0.0	LongestFirst	140	1166	0	1166	0	0	0	0
C1002	1883	6	0	89	41	301	126.5	0	0	0.0	0	8	1.5	2	0	0	0.0	LongestFirst	153	2073	0	2073	0	0	0	0
C1003	1477	6	0	77	56	305	138.0	0	0	0.0	0	3	0.8333333333333334	3	0	0	0.0	LongestFirst	129	1510	0	1510	0	0	0	0
C1004	1842	6	0	79	52	306	206.83333333333334	0	0	0.0	0	3	0.8333333333333334	2	0	0	0.0	LongestFirst	250	1939	0	1939	0	0	0	0
C1005	850	6	0	55	27	225	113.33333333333333	0	0	0.0	0	2	0.8333333333333334	3	0	0	0.0	LongestFirst	76	950	0	950	0	0	0	0
C1006	501	6	0	31	32	108	61.5	0	0	0.0	0	1	0.5	3	0	0	0.0	LongestFirst	36	543	0	543	0	0	0	0
C1007	967	6	0	63	3	119	54.833333333333336	0	0	0.0	0	3	0.8333333333333334	3	0	0	0.0	LongestFirst	57	1050	0	1050	0	0	0	0
C1008	1275	6	0	79	20	213	101.83333333333333	0	0	0.0	0	1	0.6666666666666666	4	0	0	0.0	LongestFirst	102	1342	0	1342	0	0	0	0
C1009	1316	6	0	135	21	80	50.666666666666664	0	0	0.0	0	2	0.6666666666666666	3	0	0	0.0	LongestFirst	46	1464	0	1464	0	0	0	0
C1010	1167	6	0	71	21	100	61.166666666666664	0	0	0.0	0	2	0.6666666666666666	3	0	0	0.0	LongestFirst	71	1310	0	1310	0	0	0	0
C1011	8461	6	0	659	90	520	343.3333333333333	0	0	0.0	0	3	1.1666666666666667	4	0	0	0.0	LongestFirst	521	9173	0	9173	0	0	0	0
C1012	50874	6	0	4679	94	1589	478.8333333333333	0	0	0.0	0	5	2.0	5	0	0	0.0	LongestFirst	4005	57136	0	57136	0	0	0	0
C1013	5429	6	0	527	31	524	224.5	0	0	0.0	0	5	2.1666666666666665	5	0	0	0.0	LongestFirst	439	6157	0	6157	0	0	0	0
C1014	11706	6	0	1139	92	711	414.5	0	0	0.0	0	5	1.6666666666666667	4	0	0	0.0	LongestFirst	1098	13446	0	13446	0	0	0	0
C1015	6255	6	0	529	148	973	411.6666666666667	0	0	0.0	0	2	1.1666666666666667	5	0	0	0.0	LongestFirst	627	6989	0	6989	0	0	0	0
C1016	7337	6	0	647	34	311	163.83333333333334	0	0	0.0	0	7	1.8333333333333333	4	0	0	0.0	LongestFirst	482	8779	0	8779	0	0	0	0
C1017	12464	6	0	1079	22	864	229.66666666666666	0	0	0.0	0	15	3.1666666666666665	5	0	0	0.0	LongestFirst	914	13080	0	13080	0	0	0	0
C1018	9060	6	0	879	107	935	350.5	0	0	0.0	0	5	1.3333333333333333	3	0	0	0.0	LongestFirst	713	9910	0	9910	0	0	0	0
C1019	11890	6	0	1007	47	1050	344.8333333333333	0	0	0.0	0	4	1.3333333333333333	4	0	0	0.0	LongestFirst	1053	12654	0	12654	0	0	0	0
C1020	6456	6	0	494	228	438	324.3333333333333	0	0	0.0	0	9	1.8333333333333333	3	0	0	0.0	LongestFirst	469	6897	0	6897	0	0	0	0
C1021	110387	6	0	12239	330	1752	688.1666666666666	0	0	0.0	0	5	2.6666666666666665	5	0	0	0.0	LongestFirst	8270	111043	0	111043	0	0	0	0
C1022	76412	6	0	9179	144	3492	1100.5	0	0	0.0	0	9	2.5	5	0	0	0.0	LongestFirst	7399	82484	0	82484	0	0	0	0
C1023	57817	6	0	7487	196	1021	537.1666666666666	0	0	0.0	1	7	3.0	6	0	0	0.0	LongestFirst	3562	67656	0	67656	0	0	0	0
C1024	99999	6	0	10607	72	7063	2272.5	0	0	0.0	1	5	2.0	6	0	0	0.0	LongestFirst	11762	113767	0	113767	0	0	0	0
C1025	40683	6	0	5039	47	3640	1005.1666666666666	0	0	0.0	0	11	3.1666666666666665	5	0	0	0.0	LongestFirst	4097	42825	0	42825	0	0	0	0
C1026	45583	6	0	5471	265	1176	474.3333333333333	0	0	0.0	0	17	3.6666666666666665	5	0	0	0.0	LongestFirst	2902	49869	0	49869	0	0	0	0
C1027	55669	6	0	5781	655	5806	1960.5	0	0	0.0	0	6	2.0	5	0	0	0.0	LongestFirst	6006	58140	0	58140	0	0	0	0
C1028	105213	6	0	13529	105	1851	919.1666666666666	0	0	0.0	0	4	1.8333333333333333	5	0	0	0.0	LongestFirst	10277	116474	0	116474	0	0	0	0
C1029	124055	6	0	10367	205	4300	2009.0	0	0	0.0	0	11	3.6666666666666665	4	0	0	0.0	LongestFirst	14564	138187	0	138187	0	0	0	0
C1030	27743	6	0	3455	79	921	451.0	0	0	0.0	0	5	2.3333333333333335	4	0	0	0.0	LongestFirst	1625	29096	0	29096	0	0	0	0
C1031	348784	6	0	59199	120	6060	1591.1666666666667	0	0	0.0	0	17	6.5	5	0	0	0.0	LongestFirst	152964	421905	0	421905	0	0	0	0
C1032	671359	6	0	95423	500	1624	918.8333333333334	0	0	0.0	0	11	4.5	5	0	0	0.0	LongestFirst	579205	776659	0	776659	0	0	0	0
C1033	283110	6	0	44267	393	5820	1661.0	0	0	0.0	0	29	7.0	5	0	0	0.0	LongestFirst	68183	312355	0	312355	0	0	0	0
C1034	55987	6	0	8975	0	1945	636.5	0	0	0.0	0	23	5.5	4	0	0	0.0	LongestFirst	3594	56881	0	56881	0	0	0	0
C1035	449895	6	0	60527	760	7392	3362.3333333333335	0	0	0.0	0	11	4.333333333333333	5	0	0	0.0	LongestFirst	167082	500603	0	500603	0	0	0	0
C1036	275073	6	0	26111	404	4728	2177.3333333333335	0	0	0.0	0	11	4.0	4	0	0	0.0	LongestFirst	47404	294989	0	294989	0	0	0	0
C1037	307939	6	0	32831	1017	5972	3176.5	0	0	0.0	0	8	4.166666666666667	5	0	0	0.0	LongestFirst	64016	335611	0	335611	0	0	0	0
C1038	668952	6	0	74303	312	9219	3210.1666666666665	0	0	0.0	1	9	4.666666666666667	6	0	0	0.0	LongestFirst	318685	757260	0	757260	0	0	0	0
C1039	232991	6	0	33791	695	3510	1875.3333333333333	0	0	0.0	0	15	3.6666666666666665	4	0	0	0.0	LongestFirst	56897	270871	0	270871	0	0	0	0
C1040	97843	6	0	15039	213	1606	850.5	0	0	0.0	0	9	2.8333333333333335	4	0	0	0.0	LongestFirst	8724	123819	0	123819	0	0	0	0
C1041	1001	5	0	0	287	320	303.2	0	0	0.0	0	0	0.0	0	0	0	0.0	LongestFirst	2877	1001	0	1001	0	0	0	0
C1042	1001	5	0	0	278	313	295.4	0	0	0.0	0	0	0.0	0	0	0	0.0	LongestFirst	2877	1001	0	1001	0	0	0	0
C1043	1001	5	0	0	277	324	300.6	0	0	0.0	0	0	0.0	0	0	0	0.0	LongestFirst	3428	1001	0	1001	0	0	0	0
C1044	1001	5	0	0	287	316	302.2	0	0	0.0	0	0	0.0	0	0	0	0.0	LongestFirst	2856	1001	0	1001	0	0	0	0
C1045	1001	5	0	0	286	311	296.8	0	0	0.0	0	0	0.0	0	0	0	0.0	LongestFirst	2706	1001	0	1001	0	0	0	0
C1046	1001	5	0	0	282	312	299.4	0	0	0.0	0	0	0.0	0	0	0	0.0	LongestFirst	2815	1001	0	1001	0	0	0	0
C1047	1001	5	0	0	273	331	305.0	0	0	0.0	0	0	0.0	0	0	0	0.0	LongestFirst	3039	1001	0	1001	0	0	0	0
C1048	1001	5	0	0	293	308	301.4	0	0	0.0	0	0	0.0	0	0	0	0.0	LongestFirst	2904	1001	0	1001	0	0	0	0
C1049	1001	5	0	0	291	314	302.4	0	0	0.0	0	0	0.0	0	0	0	0.0	LongestFirst	3358	1001	0	1001	0	0	0	0
C1050	1001	5	0	0	293	312	301.2	0	0	0.0	0	0	0.0	0	0	0	0.0	LongestFirst	2879	1001	0	1001	0	0	0	0
C1095	1006	5	5	0	288	323	306.0	5	5	5.0	0	0	0.0	0	38	63	51.4	LongestFirst	753	1002	0	1003	1	660	660	660.0
C1405	1006	5	5	0	267	323	296.8	5	5	5.0	0	0	0.0	0	37	69	49.32	LongestFirst	801	1004	0	1005	1	490	490	490.0
C1415	1006	5	5	0	286	305	294.8	5	5	5.0	0	0	0.0	0	35	64	48.92	LongestFirst	825	1004	0	1005	1	639	639	639.0
C1546	1006	5	5	0	287	310	296.0	5	5	5.0	0	0	0.0	0	40	64	49.84	LongestFirst	840	1001	0	1001	0	0	0	0
C1578	1006	5	5	0	285	304	299.0	5	5	5.0	0	0	0.0	0	34	60	49.56	LongestFirst	783	1008	0	1009	1	167	167	167.0
C1673	1006	5	5	0	272	324	302.2	5	5	5.0	0	0	0.0	0	40	65	50.48	LongestFirst	857	1008	0	1009	1	162	162	162.0
C1775	1006	5	5	0	293	315	304.8	5	5	5.0	0	0	0.0	0	36	71	50.84	LongestFirst	896	1005	0	1006	1	185	185	185.0
C1831	1006	5	5	0	275	312	297.4	5	5	5.0	0	0	0.0	0	38	60	49.48	LongestFirst	855	1004	0	1005	1	312	312	312.0
C1897	1006	5	5	0	278	314	298.8	5	5	5.0	0	0	0.0	0	36	67	50.08	LongestFirst	854	1006	0	1007	1	500	500	500.0
C1946	1006	5	5	0	290	322	300.4	5	5	5.0	0	0	0.0	0	37	60	51.2	LongestFirst	841	1009	0	1010	1	500	500	500.0
C9414	211	5	10	0	53	69	59.4	10	10	10.0	0	0	0.0	0	2	10	5.28	LongestFirst	23	201	0	201	0	0	0	0
C10166	211	5	10	0	52	70	60.2	10	10	10.0	0	0	0.0	0	2	11	5.46	LongestFirst	24	209	0	210	1	100	100	100.0
C11289	1011	5	10	0	290	336	302.8	10	10	10.0	0	0	0.0	0	14	42	27.52	LongestFirst	771	1015	0	1016	1	912	912	912.0
C15150	1011	5	10	0	289	323	299.6	10	10	10.0	0	0	0.0	0	19	46	27.26	LongestFirst	784	1007	0	1008	1	914	914	914.0
C18406	1011	5	10	0	273	331	301.2	10	10	10.0	0	0	0.0	0	17	45	27.22	LongestFirst	749	1004	0	1005	1	431	431	431.0
C23416	1011	5	10	0	264	328	297.0	10	10	10.0	0	0	0.0	0	14	45	26.92	LongestFirst	766	1009	0	1010	1	169	169	169.0
C23519	1011	5	10	0	288	324	300.2	10	10	10.0	0	0	0.0	0	15	37	27.26	LongestFirst	761	1007	0	1008	1	635	635	635.0
C30747	211	5	10	0	55	71	62.0	10	10	10.0	0	0	0.0	0	2	12	5.72	LongestFirst	24	206	0	207	1	164	164	164.0
C36411	1011	5	10	0	293	315	302.2	10	10	10.0	0	0	0.0	0	17	40	27.46	LongestFirst	751	1006	0	1007	1	354	354	354.0
C36505	1011	5	10	0	266	317	298.0	10	10	10.0	0	0	0.0	0	17	37	27.16	LongestFirst	778	1011	0	1012	1	726	726	726.0
C37578	211	5	10	0	52	66	61.4	10	10	10.0	0	0	0.0	0	2	12	5.6	LongestFirst	22	201	0	202	1	40	40	40.0
C37663	1011	5	10	0	254	322	303.0	10	10	10.0	0	0	0.0	0	16	35	27.58	LongestFirst	756	1008	0	1009	1	626	626	626.0
C38336	1011	5	10	0	300	318	307.0	10	10	10.0	0	0	0.0	0	17	39	28.16	LongestFirst	746	1006	0	1007	1	736	736	736.0
C46767	211	5	10	0	56	63	59.6	10	10	10.0	0	0	0.0	0	2	12	5.4	LongestFirst	25	208	0	209	1	139	139	139.0
C46786	1011	5	10	0	292	316	301.0	10	10	10.0	0	0	0.0	0	18	41	27.6	LongestFirst	768	1016	0	1017	1	353	353	353.0
C60285	211	5	10	0	55	64	60.6	10	10	10.0	0	0	0.0	0	1	14	5.54	LongestFirst	23	206	0	207	1	138	138	138.0
C68691	211	5	10	0	48	68	60.2	10	10	10.0	0	0	0.0	0	1	10	5.24	LongestFirst	21	201	0	201	0	0	0	0
C69205	211	5	10	0	58	68	62.0	10	10	10.0	0	0	0.0	0	2	11	5.72	LongestFirst	23	207	0	208	1	66	66	66.0
C78320	211	5	10	0	51	67	59.8	10	10	10.0	0	0	0.0	0	0	10	5.6	LongestFirst	25	213	0	214	1	90	90	90.0
C90372	211	5	10	0	49	71	62.4	10	10	10.0	0	0	0.0	0	2	10	5.68	LongestFirst	22	201	0	202	1	25	25	25.0
C913478	216	5	15	0	53	84	65.4	15	15	15.0	0	0	0.0	0	0	11	4.04	LongestFirst	23	203	0	204	1	166	166	166.0
C1120322	1016	5	15	0	281	319	301.4	15	15	15.0	0	0	0.0	0	11	29	18.706666666666667	LongestFirst	773	1003	0	1004	1	61	61	61.0
C1306116	1016	5	15	0	298	309	303.0	15	15	15.0	0	0	0.0	0	9	26	18.786666666666665	LongestFirst	768	1006	0	1007	1	315	315	315.0
C1775681	1016	5	15	0	271	322	298.8	15	15	15.0	0	0	0.0	0	10	27	18.666666666666668	LongestFirst	862	1003	0	1004	1	640	640	640.0
C1871074	1016	5	15	0	279	323	306.4	15	15	15.0	0	0	0.0	0	10	31	19.373333333333335	LongestFirst	759	1014	0	1015	1	242	242	242.0
C2187983	216	5	15	0	58	66	60.6	15	15	15.0	0	0	0.0	0	0	8	3.7733333333333334	LongestFirst	25	201	0	201	0	0	0	0
C2287659	1016	5	15	0	285	311	299.4	15	15	15.0	0	0	0.0	0	9	27	18.76	LongestFirst	755	1009	0	1010	1	177	177	177.0
C2985656	1016	5	15	0	293	318	303.6	15	15	15.0	0	0	0.0	0	10	29	18.866666666666667	LongestFirst	756	1004	0	1005	1	932	932	932.0
C3929333	1016	5	15	0	266	339	301.8	15	15	15.0	0	0	0.0	0	7	32	18.613333333333333	LongestFirst	772	1006	0	1007	1	788	788	788.0
C4926236	216	5	15	0	51	71	62.2	15	15	15.0	0	0	0.0	0	0	7	3.8133333333333335	LongestFirst	26	214	0	215	1	112	112	112.0
C5431962	1016	5	15	0	265	323	297.8	15	15	15.0	0	0	0.0	0	8	28	18.613333333333333	LongestFirst	763	1008	0	1009	1	755	755	755.0
C5570293	1016	5	15	0	288	316	299.4	15	15	15.0	0	0	0.0	0	12	27	18.773333333333333	LongestFirst	779	1004	0	1005	1	126	126	126.0
C5909739	1016	5	15	0	281	312	301.4	15	15	15.0	0	0	0.0	0	12	31	19.026666666666667	LongestFirst	768	1017	0	1018	1	253	253	253.0
C6425197	216	5	15	0	55	66	58.8	15	15	15.0	0	0	0.0	0	0	10	3.533333333333333	LongestFirst	30	223	0	224	1	14	14	14.0
C6852353	216	5	15	0	49	78	59.6	15	15	15.0	0	0	0.0	0	0	11	3.7066666666666666	LongestFirst	30	220	0	221	1	177	177	177.0
C8406660	216	5	15	0	52	62	56.8	15	15	15.0	0	0	0.0	0	0	9	3.5733333333333333	LongestFirst	29	208	0	209	1	130	130	130.0
C8540650	216	5	15	0	49	69	58.2	15	15	15.0	0	0	0.0	0	1	8	3.6533333333333333	LongestFirst	27	205	0	206	1	55	55	55.0
C8735382	216	5	15	0	50	70	59.4	15	15	15.0	0	0	0.0	0	0	10	3.6933333333333334	LongestFirst	28	210	0	211	1	34	34	34.0
C8882277	216	5	15	0	56	66	60.2	15	15	15.0	0	0	0.0	0	0	8	3.72	LongestFirst	27	219	0	220	1	127	127	127.0
C9712244	216	5	15	0	43	73	58.8	15	15	15.0	0	0	0.0	0	0	9	3.64	LongestFirst	27	203	0	204	1	45	45	45.0
C9712245	269	5	0	1	53	84	65.0	0	0	0.0	0	1	0.2	1	0	0	0.0	LongestFirst	51	277	0	277	0	0	0	0
C9712246	222	5	0	1	52	70	63.4	0	0	0.0	0	1	0.2	1	0	0	0.0	LongestFirst	34	223	0	223	0	0	0	0
C9712247	262	5	0	1	58	91	66.0	0	0	0.0	0	1	0.2	1	0	0	0.0	LongestFirst	41	262	0	262	0	0	0	0
C9712248	252	5	0	1	48	73	63.4	0	0	0.0	0	1	0.2	1	0	0	0.0	LongestFirst	41	253	0	253	0	0	0	0
C9712249	223	5	0	1	55	64	59.2	0	0	0.0	0	1	0.2	1	0	0	0.0	LongestFirst	49	224	0	224	0	0	0	0
C9712250	275	5	0	1	52	108	66.2	0	0	0.0	0	1	0.2	1	0	0	0.0	LongestFirst	55	276	0	276	0	0	0	0
C9712251	223	5	0	1	53	68	60.8	0	0	0.0	0	1	0.2	1	0	0	0.0	LongestFirst	40	224	0	224	0	0	0	0
C9712252	237	5	0	1	52	80	62.4	0	0	0.0	0	1	0.2	1	0	0	0.0	LongestFirst	44	242	0	242	0	0	0	0
C9712253	214	5	0	1	51	73	61.6	0	0	0.0	0	1	0.2	1	0	0	0.0	LongestFirst	42	216	0	216	0	0	0	0
C9712254	249	5	0	1	59	75	66.4	0	0	0.0	0	1	0.2	1	0	0	0.0	LongestFirst	46	251	0	251	0	0	0	0
C9712300	219	5	5	1	57	69	63.6	5	5	5.0	0	0	0.0	0	4	23	10.8	LongestFirst	30	232	0	234	1	156	156	156.0
C9712320	223	5	5	1	53	70	61.6	5	5	5.0	0	0	0.0	0	6	25	10.52	LongestFirst	30	223	0	223	0	0	0	0
C9712379	225	5	5	1	56	71	59.8	5	5	5.0	0	0	0.0	0	6	17	9.84	LongestFirst	29	235	0	237	2	60	130	95.0
C9712419	217	5	5	1	55	66	60.8	5	5	5.0	0	1	0.2	1	5	14	10.2	LongestFirst	40	350	0	352	2	34	34	34.0
C9712495	218	5	5	1	57	67	61.8	5	5	5.0	0	0	0.0	0	5	21	11.12	LongestFirst	34	229	0	230	1	160	160	160.0
C9712559	224	5	5	1	43	72	59.0	5	5	5.0	0	0	0.0	0	5	21	9.6	LongestFirst	47	354	0	357	3	89	93	91.66666666666667
C9712572	227	5	5	1	56	70	62.8	5	5	5.0	0	1	0.2	1	6	15	9.68	LongestFirst	32	222	0	222	0	0	0	0
C9712652	216	5	5	1	52	69	61.2	5	5	5.0	0	0	0.0	0	5	16	9.76	LongestFirst	25	219	0	221	2	2	147	74.5
C9712689	228	5	5	1	56	71	60.6	5	5	5.0	0	1	0.2	1	5	15	9.52	LongestFirst	39	334	0	336	2	101	101	101.0
C9712695	217	5	5	1	53	65	60.0	5	5	5.0	0	0	0.0	0	4	17	10.44	LongestFirst	27	231	0	233	2	53	69	61.0
C9715112	223	5	10	1	54	77	64.6	10	10	10.0	0	0	0.0	0	1	14	5.84	LongestFirst	32	286	0	288	2	58	58	58.0
C9717732	222	5	10	1	54	68	61.2	10	10	10.0	0	1	0.2	1	1	11	5.32	LongestFirst	27	227	0	229	2	53	76	64.5
C9717866	221	5	10	1	48	73	60.2	10	10	10.0	0	0	0.0	0	1	19	5.48	LongestFirst	28	220	0	222	2	26	172	99.0
C9723690	221	5	10	1	52	83	60.6	10	10	10.0	0	1	0.2	1	1	12	5.6	LongestFirst	43	341	0	343	2	71	71	71.0
C9729774	220	5	10	1	51	70	60.8	10	10	10.0	0	0	0.0	0	1	12	5.42	LongestFirst	28	223	0	225	2	41	62	51.5
C9730200	221	5	10	1	55	68	62.0	10	10	10.0	0	0	0.0	0	1	15	5.78	LongestFirst	44	350	0	352	2	55	55	55.0
C9731008	224	5	10	1	52	73	60.6	10	10	10.0	0	0	0.0	0	0	12	5.44	LongestFirst	37	278	0	280	1	238	238	238.0
C9732269	220	5	10	1	50	83	61.0	10	10	10.0	0	0	0.0	0	1	15	5.58	LongestFirst	31	251	0	253	2	17	17	17.0
C9732364	224	5	10	1	52	68	59.2	10	10	10.0	0	0	0.0	0	1	15	5.32	LongestFirst	39	300	0	302	2	59	59	59.0
C9733445	220	5	10	1	53	68	61.8	10	10	10.0	0	0	0.0	0	1	13	5.7	LongestFirst	27	234	0	236	1	186	186	186.0
C9926755	227	5	15	1	50	64	58.8	15	15	15.0	0	0	0.0	0	1	12	3.7333333333333334	LongestFirst	31	213	0	215	2	16	186	101.0
C9929279	226	5	15	1	53	69	60.8	15	15	15.0	0	0	0.0	0	0	12	3.9066666666666667	LongestFirst	31	220	0	222	2	25	70	47.5
C10149177	226	5	15	1	56	72	60.0	15	15	15.0	0	0	0.0	0	1	13	3.9066666666666667	LongestFirst	30	214	0	216	2	59	142	100.5
C10158257	228	5	15	1	55	67	59.6	15	15	15.0	0	0	0.0	0	0	14	3.76	LongestFirst	32	220	0	222	2	15	140	77.5
C10446746	228	5	15	1	43	72	61.2	15	15	15.0	0	0	0.0	0	0	14	3.92	LongestFirst	33	226	0	228	2	33	135	84.0
C10598570	229	5	15	1	52	68	61.6	15	15	15.0	0	0	0.0	0	0	9	3.933333333333333	LongestFirst	29	212	0	214	2	43	146	94.5
C10645096	227	5	15	1	55	80	63.0	15	15	15.0	0	0	0.0	0	0	14	4.0	LongestFirst	32	239	0	241	1	214	214	214.0
C10713607	227	5	15	1	51	71	62.6	15	15	15.0	0	0	0.0	0	1	13	3.986666666666667	LongestFirst	31	223	0	225	2	51	105	78.0
C10741204	226	5	15	1	50	74	61.0	15	15	15.0	0	0	0.0	0	0	13	3.8933333333333335	LongestFirst	46	326	0	328	2	96	96	96.0
C10862038	227	5	15	1	59	67	63.2	15	15	15.0	0	0	0.0	0	0	12	3.933333333333333	LongestFirst	29	230	0	232	2	50	112	81.0
C10862039	292	5	0	2	52	98	65.2	0	0	0.0	0	2	0.4	1	0	0	0.0	LongestFirst	69	293	0	293	0	0	0	0
C10862040	437	5	0	3	94	134	110.6	0	0	0.0	0	3	0.6	1	0	0	0.0	LongestFirst	84	437	0	437	0	0	0	0
C10862041	286	5	0	2	56	74	65.6	0	0	0.0	0	1	0.2	1	0	0	0.0	LongestFirst	52	289	0	289	0	0	0	0
C10862042	410	5	0	3	49	129	75.2	0	0	0.0	0	1	0.4	2	0	0	0.0	LongestFirst	54	409	0	409	0	0	0	0
C10862043	358	5	0	3	72	107	88.0	0	0	0.0	0	1	0.4	2	0	0	0.0	LongestFirst	71	359	0	359	0	0	0	0
C10862044	267	5	0	2	44	91	64.4	0	0	0.0	0	2	0.4	1	0	0	0.0	LongestFirst	50	275	0	275	0	0	0	0
C10862045	261	5	0	2	55	86	64.0	0	0	0.0	0	2	0.4	1	0	0	0.0	LongestFirst	47	262	0	262	0	0	0	0
C10862046	285	5	0	2	49	88	67.0	0	0	0.0	0	1	0.2	1	0	0	0.0	LongestFirst	42	280	0	280	0	0	0	0
C10862047	269	5	0	2	48	82	64.4	0	0	0.0	0	1	0.2	1	0	0	0.0	LongestFirst	47	279	0	279	0	0	0	0
C10862048	270	5	0	2	56	72	64.0	0	0	0.0	0	1	0.2	1	0	0	0.0	LongestFirst	51	271	0	271	0	0	0	0
C10862051	235	5	5	2	59	72	65.8	5	5	5.0	0	0	0.0	0	6	19	11.12	LongestFirst	31	258	0	261	2	22	119	70.5
C10862073	233	5	5	2	55	70	64.0	5	5	5.0	0	1	0.2	1	5	19	10.72	LongestFirst	39	303	0	306	3	30	30	30.0
C10862075	230	5	5	2	54	71	60.8	5	5	5.0	0	0	0.0	0	4	21	10.36	LongestFirst	41	312	0	314	2	72	72	72.0
C10862087	236	5	5	2	56	72	61.6	5	5	5.0	0	0	0.0	0	5	21	9.88	LongestFirst	35	272	0	274	2	33	33	33.0
C10862100	233	5	5	2	54	70	61.4	5	5	5.0	0	1	0.2	1	5	21	10.16	LongestFirst	51	422	0	426	4	73	80	76.5
C10862137	230	5	5	2	55	75	63.8	5	5	5.0	0	0	0.0	0	6	17	10.72	LongestFirst	29	238	0	241	3	30	41	35.0
C10862201	239	5	5	2	55	73	62.6	5	5	5.0	0	1	0.2	1	3	21	9.8	LongestFirst	37	286	0	288	2	34	34	34.0
C10862209	239	5	5	2	51	87	62.0	5	5	5.0	0	1	0.2	1	5	19	10.16	LongestFirst	56	470	0	474	4	36	168	102.0
C10862223	231	5	5	2	55	76	64.8	5	5	5.0	0	1	0.2	1	4	18	10.6	LongestFirst	34	289	0	290	1	108	108	108.0
C10862240	234	5	5	2	57	70	64.4	5	5	5.0	0	1	0.2	1	6	14	10.04	LongestFirst	38	312	0	315	3	68	74	70.0
C10862919	240	5	10	2	56	77	66.2	10	10	10.0	0	0	0.0	0	1	15	5.98	LongestFirst	32	260	0	261	1	157	157	157.0
C10863242	231	5	10	2	55	72	63.4	10	10	10.0	0	0	0.0	0	1	15	5.94	LongestFirst	32	237	0	240	3	10	73	34.333333333333336
C10864483	235	5	10	2	51	79	63.4	10	10	10.0	0	1	0.2	1	2	21	5.78	LongestFirst	57	450	0	453	3	98	98	98.0
C10865145	236	5	10	2	50	88	63.0	10	10	10.0	0	1	0.2	1	1	14	5.6	LongestFirst	98	778	0	786	8	8	143	75.5
C10865432	236	5	10	2	58	69	63.2	10	10	10.0	0	0	0.0	0	1	14	6.06	LongestFirst	42	299	0	303	3	40	113	81.0
C10867937	241	5	10	2	58	70	63.4	10	10	10.0	0	0	0.0	0	0	17	5.96	LongestFirst	41	304	0	308	4	17	155	68.5
C10868000	235	5	10	2	55	68	61.6	10	10	10.0	0	0	0.0	0	1	14	5.76	LongestFirst	32	240	0	243	3	4	166	67.66666666666667
C10868284	240	5	10	2	52	85	62.8	10	10	10.0	0	0	0.0	0	2	17	5.76	LongestFirst	46	327	0	331	2	94	204	149.0
C10868355	233	5	10	2	50	79	61.8	10	10	10.0	0	0	0.0	0	1	16	5.76	LongestFirst	31	238	0	240	2	20	35	27.5
C10868488	238	5	10	2	56	76	62.8	10	10	10.0	0	0	0.0	0	1	17	5.72	LongestFirst	32	243	0	245	2	23	192	107.5
C10874140	236	5	15	2	57	71	65.8	15	15	15.0	0	0	0.0	0	0	12	4.173333333333333	LongestFirst	33	244	0	246	2	65	151	108.0
C10886504	236	5	15	2	54	71	63.2	15	15	15.0	0	0	0.0	0	0	14	3.986666666666667	LongestFirst	54	365	0	373	7	2	97	40.857142857142854
C10936388	239	5	15	2	50	75	62.2	15	15	15.0	0	0	0.0	0	0	18	3.84	LongestFirst	42	296	0	300	4	39	103	69.75
C10986112	238	5	15	2	52	70	62.0	15	15	15.0	0	0	0.0	0	1	10	3.973333333333333	LongestFirst	59	386	0	389	3	33	33	33.0
C11026434	243	5	15	2	57	78	66.4	15	15	15.0	0	0	0.0	0	0	18	4.12	LongestFirst	63	457	0	464	5	50	110	74.8
C11121540	237	5	15	2	51	77	63.4	15	15	15.0	0	0	0.0	0	0	18	4.066666666666666	LongestFirst	57	270	0	272	2	38	38	38.0
C11172949	234	5	15	2	55	75	63.2	15	15	15.0	0	0	0.0	0	0	9	3.933333333333333	LongestFirst	33	241	0	244	3	5	129	72.0
C11176540	241	5	15	2	48	73	62.8	15	15	15.0	0	0	0.0	0	0	18	4.04	LongestFirst	35	238	0	241	3	4	124	65.0
C11194297	235	5	15	2	58	73	64.2	15	15	15.0	0	1	0.2	1	0	16	3.986666666666667	LongestFirst	35	262	0	265	3	10	30	23.333333333333332
C11235793	238	5	15	2	50	71	62.6	15	15	15.0	0	0	0.0	0	1	12	3.986666666666667	LongestFirst	39	260	0	264	3	20	152	72.33333333333333
C11235794	342	5	0	4	53	112	72.6	0	0	0.0	0	2	0.4	1	0	0	0.0	LongestFirst	74	346	0	346	0	0	0	0
C11235795	360	5	0	5	74	109	88.0	0	0	0.0	0	1	0.4	2	0	0	0.0	LongestFirst	81	365	0	365	0	0	0	0
C11235796	454	5	0	5	81	158	110.4	0	0	0.0	0	5	1.0	1	0	0	0.0	LongestFirst	97	456	0	456	0	0	0	0
C11235797	443	5	0	5	80	152	111.0	0	0	0.0	0	3	0.6	1	0	0	0.0	LongestFirst	96	444	0	444	0	0	0	0
C11235798	294	5	0	3	51	94	69.6	0	0	0.0	0	1	0.2	1	0	0	0.0	LongestFirst	46	302	0	302	0	0	0	0
C11235799	413	5	0	5	68	112	94.8	0	0	0.0	0	1	0.4	2	0	0	0.0	LongestFirst	82	414	0	414	0	0	0	0
C11235800	292	5	0	3	54	88	65.8	0	0	0.0	0	2	0.4	1	0	0	0.0	LongestFirst	62	294	0	294	0	0	0	0
C11235801	293	5	0	3	45	85	64.0	0	0	0.0	0	2	0.4	1	0	0	0.0	LongestFirst	54	311	0	311	0	0	0	0
C11235802	298	5	0	3	57	102	71.6	0	0	0.0	0	3	0.6	1	0	0	0.0	LongestFirst	49	304	0	304	0	0	0	0
C11235803	437	5	0	5	72	131	98.4	0	0	0.0	0	1	0.4	2	0	0	0.0	LongestFirst	81	441	0	441	0	0	0	0
C11235813	246	5	5	3	52	78	67.6	5	5	5.0	0	1	0.2	1	3	19	10.92	LongestFirst	80	551	0	556	5	39	194	70.0
C11235831	250	5	5	3	62	64	63.2	5	5	5.0	0	0	0.0	0	5	19	10.32	LongestFirst	102	472	0	473	1	128	128	128.0
C11235834	252	5	5	3	58	70	63.6	5	5	5.0	0	1	0.2	1	3	22	10.48	LongestFirst	66	459	0	464	5	53	108	78.4
C11235847	248	5	5	3	56	81	65.0	5	5	5.0	0	1	0.2	1	6	18	11.24	LongestFirst	36	250	0	252	2	4	85	44.5
C11235882	281	5	5	4	58	107	73.4	5	5	5.0	0	0	0.0	0	6	51	12.68	LongestFirst	82	434	0	436	1	390	390	390.0
C11235889	267	5	5	3	50	86	64.2	5	5	5.0	0	0	0.0	0	5	25	10.88	LongestFirst	97	638	0	649	9	17	152	65.77777777777777
C11235897	238	5	5	3	47	79	62.4	5	5	5.0	0	1	0.2	1	4	17	10.48	LongestFirst	69	282	0	283	1	234	234	234.0
C11235899	292	5	5	4	51	86	72.8	5	5	5.0	0	0	0.0	0	6	41	12.56	LongestFirst	145	539	0	547	3	5	236	130.33333333333334
C11235901	254	5	5	3	57	69	62.2	5	5	5.0	0	1	0.2	1	6	23	10.24	LongestFirst	82	500	0	506	4	54	107	86.5
C11235902	270	5	5	4	56	87	68.2	5	5	5.0	0	1	0.2	1	5	30	11.96	LongestFirst	76	470	0	475	4	72	178	98.5
C11236089	249	5	10	3	53	76	61.6	10	10	10.0	0	0	0.0	0	1	16	5.82	LongestFirst	42	289	0	293	3	36	181	84.33333333333333
C11236113	248	5	10	3	57	75	64.8	10	10	10.0	0	1	0.2	1	2	16	5.92	LongestFirst	46	357	0	361	4	24	92	58.5
C11236204	247	5	10	3	56	81	63.2	10	10	10.0	0	0	0.0	0	1	15	5.8	LongestFirst	39	246	0	249	3	39	133	75.0
C11236370	251	5	10	3	53	76	63.0	10	10	10.0	0	0	0.0	0	2	21	5.78	LongestFirst	45	295	0	301	4	2	158	66.0
C11236527	249	5	10	3	56	72	64.0	10	10	10.0	0	0	0.0	0	1	16	5.96	LongestFirst	43	319	0	324	3	16	210	85.33333333333333
C11236686	250	5	10	3	49	78	64.8	10	10	10.0	0	0	0.0	0	0	18	5.98	LongestFirst	65	417	0	422	5	22	85	54.4
C11237945	249	5	10	3	52	72	65.4	10	10	10.0	0	0	0.0	0	0	18	5.96	LongestFirst	43	307	0	312	4	9	109	70.75
C11238478	265	5	10	4	58	82	67.0	10	10	10.0	0	1	0.2	1	2	22	6.22	LongestFirst	71	486	0	494	8	21	25	23.0
C11238511	246	5	10	3	52	73	62.0	10	10	10.0	0	0	0.0	0	1	15	5.58	LongestFirst	88	580	0	586	6	18	140	79.0
C11238725	248	5	10	3	53	74	64.0	10	10	10.0	0	0	0.0	0	0	15	5.5	LongestFirst	62	445	0	451	6	2	149	61.333333333333336
C11269707	249	5	15	3	53	87	64.6	15	15	15.0	0	0	0.0	0	0	12	4.12	LongestFirst	41	266	0	271	4	4	107	56.0
C11270808	250	5	15	3	56	74	64.8	15	15	15.0	0	1	0.2	1	0	12	4.04	LongestFirst	104	702	0	711	7	32	153	88.85714285714286
C11295162	244	5	15	3	56	66	62.0	15	15	15.0	0	1	0.2	1	0	14	3.88	LongestFirst	67	430	0	430	0	0	0	0
C11295598	247	5	15	3	57	67	63.6	15	15	15.0	0	0	0.0	0	1	11	4.053333333333334	LongestFirst	50	312	0	317	5	35	130	59.2
C11305751	248	5	15	3	58	73	65.0	15	15	15.0	0	0	0.0	0	0	14	4.013333333333334	LongestFirst	58	384	0	385	1	268	268	268.0
C11320592	248	5	15	3	53	78	65.0	15	15	15.0	0	0	0.0	0	0	10	4.0	LongestFirst	57	399	0	405	5	32	124	73.8
C11340216	254	5	15	3	60	76	64.0	15	15	15.0	0	0	0.0	0	0	14	4.08	LongestFirst	59	383	0	390	5	23	124	73.8
C11356971	250	5	15	3	56	77	64.2	15	15	15.0	0	0	0.0	0	0	21	4.066666666666666	LongestFirst	45	278	0	282	3	8	147	82.66666666666667
C11362345	245	5	15	3	62	82	67.4	15	15	15.0	0	0	0.0	0	0	20	4.226666666666667	LongestFirst	47	334	0	338	1	264	264	264.0
C11362705	251	5	15	3	59	67	63.0	15	15	15.0	0	0	0.0	0	0	23	4.093333333333334	LongestFirst	63	387	0	387	0	0	0	0
C11362706	564	5	0	7	95	154	113.8	0	0	0.0	0	3	0.6	1	0	0	0.0	LongestFirst	141	577	0	577	0	0	0	0
C11362707	522	5	0	8	106	173	126.4	0	0	0.0	0	1	0.4	2	0	0	0.0	LongestFirst	111	524	0	524	0	0	0	0
C11362708	262	5	0	4	50	90	65.4	0	0	0.0	0	2	0.4	1	0	0	0.0	LongestFirst	52	274	0	274	0	0	0	0
C11362709	525	5	0	7	96	168	119.6	0	0	0.0	0	1	0.4	2	0	0	0.0	LongestFirst	99	531	0	531	0	0	0	0
C11362710	436	5	0	7	78	131	99.4	0	0	0.0	0	1	0.4	2	0	0	0.0	LongestFirst	96	456	0	456	0	0	0	0
C11362711	454	5	0	7	68	119	97.4	0	0	0.0	0	1	0.4	2	0	0	0.0	LongestFirst	110	458	0	458	0	0	0	0
C11362712	555	5	0	7	98	160	114.0	0	0	0.0	0	2	0.6	2	0	0	0.0	LongestFirst	127	560	0	560	0	0	0	0
C11362713	367	5	0	6	49	96	70.2	0	0	0.0	0	2	0.4	1	0	0	0.0	LongestFirst	59	374	0	374	0	0	0	0
C11362714	536	5	0	9	85	142	114.2	0	0	0.0	0	1	0.4	2	0	0	0.0	LongestFirst	95	571	0	571	0	0	0	0
C11362715	520	5	0	7	93	137	113.0	0	0	0.0	0	1	0.4	2	0	0	0.0	LongestFirst	111	517	0	517	0	0	0	0
C11362716	259	5	5	4	50	74	64.6	5	5	5.0	0	0	0.0	0	6	24	11.36	LongestFirst	91	500	0	508	8	3	130	56.375
C11362728	272	5	5	4	45	79	67.8	5	5	5.0	0	1	0.2	1	5	21	11.04	LongestFirst	69	464	0	468	4	60	76	72.0
C11362729	264	5	5	4	52	73	65.8	5	5	5.0	0	1	0.2	1	5	19	10.52	LongestFirst	49	298	0	301	2	114	121	117.5
C11362737	306	5	5	6	52	81	71.6	5	5	5.0	0	1	0.4	2	3	20	9.72	LongestFirst	83	571	0	577	6	35	72	47.333333333333336
C11362741	295	5	5	5	58	86	73.8	5	5	5.0	0	1	0.2	1	5	36	12.44	LongestFirst	189	1041	0	1053	10	9	179	94.5
C11362752	282	5	5	5	57	93	70.0	5	5	5.0	0	1	0.2	1	5	29	11.24	LongestFirst	112	611	0	621	6	16	150	92.0
C11362759	282	5	5	6	57	84	72.6	5	5	5.0	0	0	0.0	0	4	30	12.0	LongestFirst	62	368	0	375	3	4	225	95.0
C11362766	265	5	5	4	46	84	66.2	5	5	5.0	0	0	0.0	0	5	25	11.32	LongestFirst	76	416	0	421	5	10	170	73.2
C11362769	264	5	5	4	56	78	65.4	5	5	5.0	0	0	0.0	0	6	26	11.76	LongestFirst	96	507	0	516	8	2	107	60.375
C11362770	256	5	5	4	53	89	67.6	5	5	5.0	0	2	0.4	1	7	19	10.88	LongestFirst	98	662	0	669	5	3	233	119.0
C11363123	258	5	10	4	53	78	65.0	10	10	10.0	0	0	0.0	0	2	16	5.84	LongestFirst	53	351	0	356	5	28	80	45.2
C11363207	259	5	10	4	59	68	63.2	10	10	10.0	0	0	0.0	0	0	14	5.9	LongestFirst	44	285	0	288	2	19	219	119.0
C11363405	254	5	10	4	51	87	68.2	10	10	10.0	0	0	0.0	0	1	15	6.14	LongestFirst	45	338	0	344	3	51	140	104.66666666666667
C11363513	248	5	10	4	56	70	63.2	10	10	10.0	0	0	0.0	0	2	17	5.84	LongestFirst	86	614	0	621	7	57	203	77.85714285714286
C11363565	259	5	10	4	51	83	65.0	10	10	10.0	0	0	0.0	0	2	18	6.08	LongestFirst	89	602	0	611	9	37	197	57.666666666666664
C11363769	257	5	10	4	51	75	64.6	10	10	10.0	0	1	0.2	1	1	17	5.84	LongestFirst	66	452	0	456	4	52	52	52.0
C11363871	279	5	10	5	52	87	68.6	10	10	10.0	0	1	0.2	1	0	20	6.18	LongestFirst	96	665	0	673	2	224	290	257.0
C11363881	282	5	10	5	56	95	71.2	10	10	10.0	0	0	0.0	0	2	45	6.68	LongestFirst	142	909	0	920	5	6	292	176.8
C11364045	258	5	10	4	50	80	68.6	10	10	10.0	0	1	0.2	1	0	19	5.82	LongestFirst	96	638	0	642	4	115	115	115.0
C11364139	255	5	10	4	57	80	67.4	10	10	10.0	0	0	0.0	0	0	15	6.24	LongestFirst	106	778	0	790	8	7	175	89.125
C11365604	264	5	15	4	49	79	64.0	15	15	15.0	0	0	0.0	0	0	14	4.066666666666666	LongestFirst	74	447	0	456	9	3	68	30.88888888888889
C11381244	255	5	15	4	54	91	64.2	15	15	15.0	0	0	0.0	0	1	19	4.04	LongestFirst	71	443	0	450	3	8	307	144.0
C11387360	259	5	15	4	54	86	66.2	15	15	15.0	0	0	0.0	0	1	15	4.213333333333333	LongestFirst	55	352	0	357	5	9	53	26.6
C11393386	286	5	15	5	58	75	68.4	15	15	15.0	0	1	0.2	1	0	21	4.293333333333333	LongestFirst	77	438	0	443	4	60	191	92.75
C11405359	254	5	15	4	56	80	66.4	15	15	15.0	0	0	0.0	0	0	14	4.2	LongestFirst	94	634	0	643	7	4	181	88.0
C11421447	263	5	15	4	61	70	64.2	15	15	15.0	0	0	0.0	0	0	15	3.96	LongestFirst	51	310	0	317	5	5	173	53.0
C11422335	259	5	15	4	50	77	63.2	15	15	15.0	0	0	0.0	0	0	12	4.08	LongestFirst	51	308	0	312	3	35	191	87.66666666666667
C11429254	256	5	15	4	57	74	65.0	15	15	15.0	0	0	0.0	0	0	15	4.066666666666666	LongestFirst	62	396	0	401	2	13	369	191.0
C11441074	261	5	15	4	58	75	66.4	15	15	15.0	0	0	0.0	0	0	14	4.1066666666666665	LongestFirst	62	408	0	415	3	107	174	129.33333333333334
C11444018	253	5	15	4	55	75	66.2	15	15	15.0	0	1	0.2	1	0	15	4.066666666666666	LongestFirst	91	642	0	649	6	15	168	98.5
C11444019	811	5	0	15	131	233	184.2	0	0	0.0	0	1	0.6	3	0	0	0.0	LongestFirst	229	818	0	818	0	0	0	0
C11444020	441	5	0	9	75	115	101.8	0	0	0.0	0	1	0.4	2	0	0	0.0	LongestFirst	99	456	0	456	0	0	0	0
C11444021	289	5	0	5	50	79	70.8	0	0	0.0	0	2	0.4	1	0	0	0.0	LongestFirst	68	306	0	306	0	0	0	0
C11444022	537	5	0	9	94	205	125.2	0	0	0.0	0	5	1.0	1	0	0	0.0	LongestFirst	109	546	0	546	0	0	0	0
C11444023	966	5	0	15	86	325	145.8	0	0	0.0	0	11	2.2	1	0	0	0.0	LongestFirst	170	1018	0	1018	0	0	0	0
C11444024	636	5	0	11	108	160	135.8	0	0	0.0	0	1	0.4	2	0	0	0.0	LongestFirst	130	649	0	649	0	0	0	0
C11444025	738	5	0	11	130	222	163.0	0	0	0.0	0	2	0.6	2	0	0	0.0	LongestFirst	182	759	0	759	0	0	0	0
C11444026	342	5	0	7	55	98	71.8	0	0	0.0	0	1	0.2	1	0	0	0.0	LongestFirst	87	357	0	357	0	0	0	0
C11444027	753	5	0	11	105	221	166.2	0	0	0.0	0	3	0.8	2	0	0	0.0	LongestFirst	172	770	0	770	0	0	0	0
C11444028	330	5	0	5	54	116	71.4	0	0	0.0	0	2	0.4	1	0	0	0.0	LongestFirst	56	337	0	337	0	0	0	0
C11444030	275	5	5	5	55	74	69.2	5	5	5.0	0	1	0.2	1	5	22	11.16	LongestFirst	42	292	0	296	4	31	104	57.25
C11444033	279	5	5	5	58	77	67.0	5	5	5.0	0	0	0.0	0	6	22	11.64	LongestFirst	56	342	0	347	4	30	56	43.0
C11444043	270	5	5	5	48	79	66.6	5	5	5.0	0	1	0.2	1	3	24	11.28	LongestFirst	90	552	0	558	6	4	201	82.33333333333333
C11444046	286	5	5	5	55	100	72.4	5	5	5.0	0	0	0.0	0	5	28	12.16	LongestFirst	119	785	0	803	12	3	169	59.833333333333336
C11444048	273	5	5	5	50	73	63.0	5	5	5.0	0	1	0.2	1	2	20	11.16	LongestFirst	199	1197	0	1215	18	9	179	60.333333333333336
C11444065	314	5	5	6	53	99	73.4	5	5	5.0	0	1	0.4	2	4	29	11.12	LongestFirst	120	800	0	812	10	3	160	68.0
C11444075	320	5	5	6	66	93	79.2	5	5	5.0	0	0	0.0	0	4	40	14.12	LongestFirst	100	544	0	549	5	46	91	64.0
C11444081	312	5	5	6	65	98	78.4	5	5	5.0	0	0	0.0	0	4	46	14.04	LongestFirst	67	364	0	369	3	6	253	111.0
C11444093	277	5	5	5	54	75	67.4	5	5	5.0	0	1	0.2	1	6	24	11.32	LongestFirst	95	635	0	642	6	34	152	82.0
C11444102	271	5	5	5	57	80	68.0	5	5	5.0	0	1	0.2	1	6	30	11.24	LongestFirst	111	746	0	755	6	37	319	116.5
C11444182	277	5	10	5	63	79	68.0	10	10	10.0	0	1	0.2	1	1	17	6.18	LongestFirst	73	503	0	514	6	20	117	77.0
C11444275	296	5	10	6	69	74	70.8	10	10	10.0	0	0	0.0	0	1	23	6.5	LongestFirst	95	562	0	570	8	19	114	52.0
C11444349	270	5	10	5	62	79	67.0	10	10	10.0	0	0	0.0	0	1	14	5.96	LongestFirst	68	480	0	488	5	18	175	77.6
C11444459	267	5	10	5	63	77	67.0	10	10	10.0	0	0	0.0	0	1	15	6.14	LongestFirst	55	354	0	360	5	22	129	57.0
C11444525	275	5	10	5	54	76	66.6	10	10	10.0	0	1	0.2	1	1	17	6.16	LongestFirst	122	795	0	807	10	3	188	75.8
C11444590	304	5	10	6	64	90	73.4	10	10	10.0	0	0	0.0	0	2	26	6.98	LongestFirst	190	1168	0	1180	4	4	541	272.5
C11444735	270	5	10	5	49	99	67.2	10	10	10.0	0	0	0.0	0	0	20	6.04	LongestFirst	106	687	0	701	13	20	160	47.84615384615385
C11444823	273	5	10	5	57	75	67.4	10	10	10.0	0	1	0.2	1	2	18	6.26	LongestFirst	294	1971	0	1999	13	6	413	140.23076923076923
C11444853	269	5	10	5	62	75	70.2	10	10	10.0	0	0	0.0	0	1	18	6.68	LongestFirst	134	901	0	916	10	3	195	86.2
C11444861	264	5	10	5	57	76	67.8	10	10	10.0	0	0	0.0	0	1	18	6.22	LongestFirst	115	797	0	802	4	98	418	178.0
C11446281	275	5	15	5	64	74	68.0	15	15	15.0	0	1	0.2	1	1	14	4.1466666666666665	LongestFirst	86	564	0	572	8	27	283	59.0
C11451584	270	5	15	5	50	87	67.0	15	15	15.0	0	1	0.2	1	0	19	4.1466666666666665	LongestFirst	118	785	0	799	10	13	141	72.8
C11456016	274	5	15	5	56	77	67.8	15	15	15.0	0	1	0.2	1	0	13	4.2	LongestFirst	153	991	0	1008	17	13	131	51.470588235294116
C11456569	267	5	15	5	60	75	66.6	15	15	15.0	0	1	0.2	1	0	16	4.12	LongestFirst	103	623	0	634	8	22	166	72.5
C11456846	266	5	15	5	59	77	66.6	15	15	15.0	0	0	0.0	0	0	15	4.1866666666666665	LongestFirst	107	659	0	668	7	9	113	85.14285714285714
C11458034	269	5	15	5	53	81	66.4	15	15	15.0	0	0	0.0	0	1	19	4.226666666666667	LongestFirst	97	569	0	578	8	24	81	49.375
C11458795	273	5	15	5	51	92	67.8	15	15	15.0	0	1	0.2	1	0	14	4.1066666666666665	LongestFirst	168	963	0	966	3	192	331	238.33333333333334
C11461096	264	5	15	5	59	74	66.2	15	15	15.0	0	0	0.0	0	0	13	4.253333333333333	LongestFirst	82	505	0	516	8	4	174	62.0
C11464406	278	5	15	5	60	70	66.6	15	15	15.0	0	1	0.2	1	0	15	3.9466666666666668	LongestFirst	74	483	0	486	2	24	322	173.0
C11466317	263	5	15	5	57	76	67.2	15	15	15.0	0	0	0.0	0	0	14	4.266666666666667	LongestFirst	128	787	0	803	12	2	208	64.33333333333333
