id	numberOfActions	numberOfProcesses	numberOfProcedures	numberOfConditionals	minLengthOfProcesses	maxLengthOfProcesses	avgLengthOfProcesses	minNumberOfProceduresInProcesses	maxNumberOfProceduresInProcesses	avgNumberOfProceduresInProcesses	minNumberOfConditionalsInProcesses	maxNumberOfConditionalsInProcesses	avgNumberOfConditionalsInProcesses	numberOfProcessesWithConditionals	minProcedureLengthInProcesses	maxProcedureLengthInProcesses	avgProcedureLengthInProcesses	strategy	time(msec)	nodes	badLoops	mainLength	numOfProcedures	minProcedureLength	maxProcedureLength	avgProcedureLength
C1	201	5	0	0	54	65	59.2	0	0	0.0	0	0	0.0	0	0	0	0.0	InteractionsFirst	16	201	0	201	0	0	0	0
C2	201	5	0	0	53	70	62.0	0	0	0.0	0	0	0.0	0	0	0	0.0	InteractionsFirst	11	201	0	201	0	0	0	0
C3	201	5	0	0	55	70	61.4	0	0	0.0	0	0	0.0	0	0	0	0.0	InteractionsFirst	11	201	0	201	0	0	0	0
C4	201	5	0	0	51	65	58.6	0	0	0.0	0	0	0.0	0	0	0	0.0	InteractionsFirst	12	201	0	201	0	0	0	0
C5	201	5	0	0	53	67	61.8	0	0	0.0	0	0	0.0	0	0	0	0.0	InteractionsFirst	12	201	0	201	0	0	0	0
C6	201	5	0	0	48	68	58.0	0	0	0.0	0	0	0.0	0	0	0	0.0	InteractionsFirst	12	201	0	201	0	0	0	0
C7	201	5	0	0	50	68	60.0	0	0	0.0	0	0	0.0	0	0	0	0.0	InteractionsFirst	18	201	0	201	0	0	0	0
C8	201	5	0	0	52	67	59.2	0	0	0.0	0	0	0.0	0	0	0	0.0	InteractionsFirst	16	201	0	201	0	0	0	0
C9	201	5	0	0	46	68	60.0	0	0	0.0	0	0	0.0	0	0	0	0.0	InteractionsFirst	14	201	0	201	0	0	0	0
C10	201	5	0	0	50	69	58.0	0	0	0.0	0	0	0.0	0	0	0	0.0	InteractionsFirst	12	201	0	201	0	0	0	0
C125	206	5	5	0	52	74	58.2	5	5	5.0	0	0	0.0	0	3	15	9.48	InteractionsFirst	20	202	0	203	1	35	35	35.0
C132	206	5	5	0	51	72	60.6	5	5	5.0	0	0	0.0	0	4	17	10.36	InteractionsFirst	21	209	0	210	1	83	83	83.0
C209	206	5	5	0	50	73	59.4	5	5	5.0	0	0	0.0	0	5	17	10.0	InteractionsFirst	21	206	0	207	1	141	141	141.0
C214	206	5	5	0	54	63	58.4	5	5	5.0	0	0	0.0	0	3	15	9.6	InteractionsFirst	21	206	0	207	1	142	142	142.0
C339	206	5	5	0	53	66	61.4	5	5	5.0	0	0	0.0	0	5	16	10.04	InteractionsFirst	21	204	0	205	1	124	124	124.0
C346	206	5	5	0	54	71	63.4	5	5	5.0	0	0	0.0	0	3	17	10.8	InteractionsFirst	19	201	0	201	0	0	0	0
C392	206	5	5	0	54	71	60.8	5	5	5.0	0	0	0.0	0	4	17	10.2	InteractionsFirst	21	208	0	209	1	133	133	133.0
C463	206	5	5	0	54	68	60.8	5	5	5.0	0	0	0.0	0	2	17	9.8	InteractionsFirst	18	201	0	202	1	41	41	41.0
C466	206	5	5	0	51	66	60.2	5	5	5.0	0	0	0.0	0	5	17	10.08	InteractionsFirst	20	201	0	201	0	0	0	0
C474	206	5	5	0	47	69	60.2	5	5	5.0	0	0	0.0	0	5	15	10.28	InteractionsFirst	21	209	0	210	1	100	100	100.0
C9414	211	5	10	0	53	69	59.4	10	10	10.0	0	0	0.0	0	2	10	5.28	InteractionsFirst	24	201	0	201	0	0	0	0
C10166	211	5	10	0	52	70	60.2	10	10	10.0	0	0	0.0	0	2	11	5.46	InteractionsFirst	22	206	0	207	1	100	100	100.0
C30747	211	5	10	0	55	71	62.0	10	10	10.0	0	0	0.0	0	2	12	5.72	InteractionsFirst	23	206	0	207	1	164	164	164.0
C37578	211	5	10	0	52	66	61.4	10	10	10.0	0	0	0.0	0	2	12	5.6	InteractionsFirst	22	201	0	202	1	40	40	40.0
C46767	211	5	10	0	56	63	59.6	10	10	10.0	0	0	0.0	0	2	12	5.4	InteractionsFirst	23	205	0	206	1	139	139	139.0
C60285	211	5	10	0	55	64	60.6	10	10	10.0	0	0	0.0	0	1	14	5.54	InteractionsFirst	23	206	0	207	1	138	138	138.0
C68691	211	5	10	0	48	68	60.2	10	10	10.0	0	0	0.0	0	1	10	5.24	InteractionsFirst	25	201	0	201	0	0	0	0
C69205	211	5	10	0	58	68	62.0	10	10	10.0	0	0	0.0	0	2	11	5.72	InteractionsFirst	23	204	0	205	1	66	66	66.0
C78320	211	5	10	0	51	67	59.8	10	10	10.0	0	0	0.0	0	0	10	5.6	InteractionsFirst	24	213	0	214	1	90	90	90.0
C90372	211	5	10	0	49	71	62.4	10	10	10.0	0	0	0.0	0	2	10	5.68	InteractionsFirst	21	201	0	202	1	25	25	25.0
C913478	216	5	15	0	53	84	65.4	15	15	15.0	0	0	0.0	0	0	11	4.04	InteractionsFirst	27	203	0	204	1	166	166	166.0
C2187983	216	5	15	0	58	66	60.6	15	15	15.0	0	0	0.0	0	0	8	3.7733333333333334	InteractionsFirst	24	201	0	201	0	0	0	0
C4926236	216	5	15	0	51	71	62.2	15	15	15.0	0	0	0.0	0	0	7	3.8133333333333335	InteractionsFirst	26	214	0	215	1	112	112	112.0
C6425197	216	5	15	0	55	66	58.8	15	15	15.0	0	0	0.0	0	0	10	3.533333333333333	InteractionsFirst	26	204	0	205	1	14	14	14.0
C6852353	216	5	15	0	49	78	59.6	15	15	15.0	0	0	0.0	0	0	11	3.7066666666666666	InteractionsFirst	28	209	0	210	1	177	177	177.0
C8406660	216	5	15	0	52	62	56.8	15	15	15.0	0	0	0.0	0	0	9	3.5733333333333333	InteractionsFirst	28	210	0	211	1	130	130	130.0
C8540650	216	5	15	0	49	69	58.2	15	15	15.0	0	0	0.0	0	1	8	3.6533333333333333	InteractionsFirst	27	205	0	206	1	55	55	55.0
C8735382	216	5	15	0	50	70	59.4	15	15	15.0	0	0	0.0	0	0	10	3.6933333333333334	InteractionsFirst	27	210	0	211	1	34	34	34.0
C8882277	216	5	15	0	56	66	60.2	15	15	15.0	0	0	0.0	0	0	8	3.72	InteractionsFirst	29	213	0	214	1	127	127	127.0
C9712244	216	5	15	0	43	73	58.8	15	15	15.0	0	0	0.0	0	0	9	3.64	InteractionsFirst	27	203	0	204	1	45	45	45.0
C9712245	269	5	0	1	53	84	65.0	0	0	0.0	0	1	0.2	1	0	0	0.0	InteractionsFirst	14	268	0	268	0	0	0	0
C9712246	222	5	0	1	52	70	63.4	0	0	0.0	0	1	0.2	1	0	0	0.0	InteractionsFirst	13	218	0	218	0	0	0	0
C9712247	262	5	0	1	58	91	66.0	0	0	0.0	0	1	0.2	1	0	0	0.0	InteractionsFirst	16	262	0	262	0	0	0	0
C9712248	252	5	0	1	48	73	63.4	0	0	0.0	0	1	0.2	1	0	0	0.0	InteractionsFirst	13	251	0	251	0	0	0	0
C9712249	223	5	0	1	55	64	59.2	0	0	0.0	0	1	0.2	1	0	0	0.0	InteractionsFirst	13	219	0	219	0	0	0	0
C9712250	275	5	0	1	52	108	66.2	0	0	0.0	0	1	0.2	1	0	0	0.0	InteractionsFirst	16	272	0	272	0	0	0	0
C9712251	223	5	0	1	53	68	60.8	0	0	0.0	0	1	0.2	1	0	0	0.0	InteractionsFirst	13	222	0	222	0	0	0	0
C9712252	237	5	0	1	52	80	62.4	0	0	0.0	0	1	0.2	1	0	0	0.0	InteractionsFirst	13	237	0	237	0	0	0	0
C9712253	214	5	0	1	51	73	61.6	0	0	0.0	0	1	0.2	1	0	0	0.0	InteractionsFirst	13	214	0	214	0	0	0	0
C9712254	249	5	0	1	59	75	66.4	0	0	0.0	0	1	0.2	1	0	0	0.0	InteractionsFirst	13	248	0	248	0	0	0	0
C9712300	219	5	5	1	57	69	63.6	5	5	5.0	0	0	0.0	0	4	23	10.8	InteractionsFirst	24	228	0	230	1	151	151	151.0
C9712320	223	5	5	1	53	70	61.6	5	5	5.0	0	0	0.0	0	6	25	10.52	InteractionsFirst	24	215	0	215	0	0	0	0
C9712379	225	5	5	1	56	71	59.8	5	5	5.0	0	0	0.0	0	6	17	9.84	InteractionsFirst	26	228	0	230	2	53	135	94.0
C9712419	217	5	5	1	55	66	60.8	5	5	5.0	0	1	0.2	1	5	14	10.2	InteractionsFirst	35	348	0	350	2	34	34	34.0
C9712495	218	5	5	1	57	67	61.8	5	5	5.0	0	0	0.0	0	5	21	11.12	InteractionsFirst	26	225	0	226	1	156	156	156.0
C9712559	224	5	5	1	43	72	59.0	5	5	5.0	0	0	0.0	0	5	21	9.6	InteractionsFirst	24	223	0	225	2	89	93	91.0
C9712572	227	5	5	1	56	70	62.8	5	5	5.0	0	1	0.2	1	6	15	9.68	InteractionsFirst	21	220	0	220	0	0	0	0
C9712652	216	5	5	1	52	69	61.2	5	5	5.0	0	0	0.0	0	5	16	9.76	InteractionsFirst	25	237	0	239	2	19	147	83.0
C9712689	228	5	5	1	56	71	60.6	5	5	5.0	0	1	0.2	1	5	15	9.52	InteractionsFirst	32	325	0	327	2	101	101	101.0
C9712695	217	5	5	1	53	65	60.0	5	5	5.0	0	0	0.0	0	4	17	10.44	InteractionsFirst	24	226	0	228	2	48	69	58.5
C9715112	223	5	10	1	54	77	64.6	10	10	10.0	0	0	0.0	0	1	14	5.84	InteractionsFirst	32	286	0	288	2	58	58	58.0
C9717732	222	5	10	1	54	68	61.2	10	10	10.0	0	1	0.2	1	1	11	5.32	InteractionsFirst	28	222	0	224	2	53	76	64.5
C9717866	221	5	10	1	48	73	60.2	10	10	10.0	0	0	0.0	0	1	19	5.48	InteractionsFirst	29	218	0	220	2	26	170	98.0
C9723690	221	5	10	1	52	83	60.6	10	10	10.0	0	1	0.2	1	1	12	5.6	InteractionsFirst	43	339	0	341	2	71	71	71.0
C9729774	220	5	10	1	51	70	60.8	10	10	10.0	0	0	0.0	0	1	12	5.42	InteractionsFirst	34	223	0	225	2	43	60	51.5
C9730200	221	5	10	1	55	68	62.0	10	10	10.0	0	0	0.0	0	1	15	5.78	InteractionsFirst	46	347	0	349	2	55	55	55.0
C9731008	224	5	10	1	52	73	60.6	10	10	10.0	0	0	0.0	0	0	12	5.44	InteractionsFirst	38	278	0	280	1	238	238	238.0
C9732269	220	5	10	1	50	83	61.0	10	10	10.0	0	0	0.0	0	1	15	5.58	InteractionsFirst	31	251	0	253	2	17	17	17.0
C9732364	224	5	10	1	52	68	59.2	10	10	10.0	0	0	0.0	0	1	15	5.32	InteractionsFirst	39	298	0	300	2	59	59	59.0
C9733445	220	5	10	1	53	68	61.8	10	10	10.0	0	0	0.0	0	1	13	5.7	InteractionsFirst	30	242	0	244	1	190	190	190.0
C9926755	227	5	15	1	50	64	58.8	15	15	15.0	0	0	0.0	0	1	12	3.7333333333333334	InteractionsFirst	40	219	0	221	2	16	188	102.0
C9929279	226	5	15	1	53	69	60.8	15	15	15.0	0	0	0.0	0	0	12	3.9066666666666667	InteractionsFirst	50	229	0	231	2	25	70	47.5
C10149177	226	5	15	1	56	72	60.0	15	15	15.0	0	0	0.0	0	1	13	3.9066666666666667	InteractionsFirst	45	213	0	215	2	59	141	100.0
C10158257	228	5	15	1	55	67	59.6	15	15	15.0	0	0	0.0	0	0	14	3.76	InteractionsFirst	56	219	0	221	2	15	139	77.0
C10446746	228	5	15	1	43	72	61.2	15	15	15.0	0	0	0.0	0	0	14	3.92	InteractionsFirst	51	225	0	227	2	32	135	83.5
C10598570	229	5	15	1	52	68	61.6	15	15	15.0	0	0	0.0	0	0	9	3.933333333333333	InteractionsFirst	55	220	0	222	2	51	146	98.5
C10645096	227	5	15	1	55	80	63.0	15	15	15.0	0	0	0.0	0	0	14	4.0	InteractionsFirst	81	240	0	242	1	214	214	214.0
C10713607	227	5	15	1	51	71	62.6	15	15	15.0	0	0	0.0	0	1	13	3.986666666666667	InteractionsFirst	49	218	0	220	2	51	100	75.5
C10741204	226	5	15	1	50	74	61.0	15	15	15.0	0	0	0.0	0	0	13	3.8933333333333335	InteractionsFirst	79	326	0	328	2	96	96	96.0
C10862038	227	5	15	1	59	67	63.2	15	15	15.0	0	0	0.0	0	0	12	3.933333333333333	InteractionsFirst	50	228	0	230	2	48	110	79.0
C10862039	292	5	0	2	52	98	65.2	0	0	0.0	0	2	0.4	1	0	0	0.0	InteractionsFirst	17	286	0	286	0	0	0	0
C10862040	437	5	0	3	94	134	110.6	0	0	0.0	0	3	0.6	1	0	0	0.0	InteractionsFirst	31	434	0	434	0	0	0	0
C10862041	286	5	0	2	56	74	65.6	0	0	0.0	0	1	0.2	1	0	0	0.0	InteractionsFirst	15	286	0	286	0	0	0	0
C10862042	410	5	0	3	49	129	75.2	0	0	0.0	0	1	0.4	2	0	0	0.0	InteractionsFirst	19	409	0	409	0	0	0	0
C10862043	358	5	0	3	72	107	88.0	0	0	0.0	0	1	0.4	2	0	0	0.0	InteractionsFirst	22	354	0	354	0	0	0	0
C10862044	267	5	0	2	44	91	64.4	0	0	0.0	0	2	0.4	1	0	0	0.0	InteractionsFirst	15	262	0	262	0	0	0	0
C10862045	261	5	0	2	55	86	64.0	0	0	0.0	0	2	0.4	1	0	0	0.0	InteractionsFirst	14	256	0	256	0	0	0	0
C10862046	285	5	0	2	49	88	67.0	0	0	0.0	0	1	0.2	1	0	0	0.0	InteractionsFirst	14	280	0	280	0	0	0	0
C10862047	269	5	0	2	48	82	64.4	0	0	0.0	0	1	0.2	1	0	0	0.0	InteractionsFirst	14	264	0	264	0	0	0	0
C10862048	270	5	0	2	56	72	64.0	0	0	0.0	0	1	0.2	1	0	0	0.0	InteractionsFirst	15	267	0	267	0	0	0	0
C10862051	235	5	5	2	59	72	65.8	5	5	5.0	0	0	0.0	0	6	19	11.12	InteractionsFirst	27	234	0	236	1	118	118	118.0
C10862073	233	5	5	2	55	70	64.0	5	5	5.0	0	1	0.2	1	5	19	10.72	InteractionsFirst	34	295	0	298	3	30	30	30.0
C10862075	230	5	5	2	54	71	60.8	5	5	5.0	0	0	0.0	0	4	21	10.36	InteractionsFirst	37	304	0	306	2	69	69	69.0
C10862087	236	5	5	2	56	72	61.6	5	5	5.0	0	0	0.0	0	5	21	9.88	InteractionsFirst	34	263	0	265	2	33	33	33.0
C10862100	233	5	5	2	54	70	61.4	5	5	5.0	0	1	0.2	1	5	21	10.16	InteractionsFirst	46	416	0	420	4	75	78	76.5
C10862137	230	5	5	2	55	75	63.8	5	5	5.0	0	0	0.0	0	6	17	10.72	InteractionsFirst	29	233	0	236	3	30	41	35.0
C10862201	239	5	5	2	55	73	62.6	5	5	5.0	0	1	0.2	1	3	21	9.8	InteractionsFirst	30	279	0	281	2	34	34	34.0
C10862209	239	5	5	2	51	87	62.0	5	5	5.0	0	1	0.2	1	5	19	10.16	InteractionsFirst	53	415	0	419	4	36	143	89.5
C10862223	231	5	5	2	55	76	64.8	5	5	5.0	0	1	0.2	1	4	18	10.6	InteractionsFirst	31	286	0	287	1	105	105	105.0
C10862240	234	5	5	2	57	70	64.4	5	5	5.0	0	1	0.2	1	6	14	10.04	InteractionsFirst	40	307	0	310	3	68	73	69.66666666666667
C10862919	240	5	10	2	56	77	66.2	10	10	10.0	0	0	0.0	0	1	15	5.98	InteractionsFirst	28	249	0	250	1	153	153	153.0
C10863242	231	5	10	2	55	72	63.4	10	10	10.0	0	0	0.0	0	1	15	5.94	InteractionsFirst	28	224	0	227	3	3	69	30.666666666666668
C10864483	235	5	10	2	51	79	63.4	10	10	10.0	0	1	0.2	1	2	21	5.78	InteractionsFirst	56	452	0	455	3	98	98	98.0
C10865145	236	5	10	2	50	88	63.0	10	10	10.0	0	1	0.2	1	1	14	5.6	InteractionsFirst	107	900	0	912	12	13	146	65.0
C10865432	236	5	10	2	58	69	63.2	10	10	10.0	0	0	0.0	0	1	14	6.06	InteractionsFirst	32	249	0	252	3	40	88	64.33333333333333
C10867937	241	5	10	2	58	70	63.4	10	10	10.0	0	0	0.0	0	0	17	5.96	InteractionsFirst	32	249	0	252	3	45	139	78.33333333333333
C10868000	235	5	10	2	55	68	61.6	10	10	10.0	0	0	0.0	0	1	14	5.76	InteractionsFirst	32	249	0	252	2	45	169	107.0
C10868284	240	5	10	2	52	85	62.8	10	10	10.0	0	0	0.0	0	2	17	5.76	InteractionsFirst	30	240	0	243	2	2	204	103.0
C10868355	233	5	10	2	50	79	61.8	10	10	10.0	0	0	0.0	0	1	16	5.76	InteractionsFirst	30	237	0	239	2	20	35	27.5
C10868488	238	5	10	2	56	76	62.8	10	10	10.0	0	0	0.0	0	1	17	5.72	InteractionsFirst	28	233	0	235	2	20	185	102.5
C10874140	236	5	15	2	57	71	65.8	15	15	15.0	0	0	0.0	0	0	12	4.173333333333333	InteractionsFirst	33	249	0	251	2	70	151	110.5
C10886504	236	5	15	2	54	71	63.2	15	15	15.0	0	0	0.0	0	0	14	3.986666666666667	InteractionsFirst	51	365	0	373	7	2	97	40.857142857142854
C10936388	239	5	15	2	50	75	62.2	15	15	15.0	0	0	0.0	0	0	18	3.84	InteractionsFirst	32	235	0	238	3	39	104	72.66666666666667
C10986112	238	5	15	2	52	70	62.0	15	15	15.0	0	0	0.0	0	1	10	3.973333333333333	InteractionsFirst	57	381	0	384	3	33	33	33.0
C11026434	243	5	15	2	57	78	66.4	15	15	15.0	0	0	0.0	0	0	18	4.12	InteractionsFirst	35	259	0	263	3	50	115	72.0
C11121540	237	5	15	2	51	77	63.4	15	15	15.0	0	0	0.0	0	0	18	4.066666666666666	InteractionsFirst	38	268	0	270	2	38	38	38.0
C11172949	234	5	15	2	55	75	63.2	15	15	15.0	0	0	0.0	0	0	9	3.933333333333333	InteractionsFirst	33	237	0	240	2	82	130	106.0
C11176540	241	5	15	2	48	73	62.8	15	15	15.0	0	0	0.0	0	0	18	4.04	InteractionsFirst	35	245	0	248	3	11	131	67.33333333333333
C11194297	235	5	15	2	58	73	64.2	15	15	15.0	0	1	0.2	1	0	16	3.986666666666667	InteractionsFirst	34	260	0	263	3	10	30	23.333333333333332
C11235793	238	5	15	2	50	71	62.6	15	15	15.0	0	0	0.0	0	1	12	3.986666666666667	InteractionsFirst	38	266	0	270	3	23	152	74.33333333333333
C11235794	342	5	0	4	53	112	72.6	0	0	0.0	0	2	0.4	1	0	0	0.0	InteractionsFirst	22	330	0	330	0	0	0	0
C11235795	360	5	0	5	74	109	88.0	0	0	0.0	0	1	0.4	2	0	0	0.0	InteractionsFirst	24	348	0	348	0	0	0	0
C11235796	454	5	0	5	81	158	110.4	0	0	0.0	0	5	1.0	1	0	0	0.0	InteractionsFirst	32	446	0	446	0	0	0	0
C11235797	443	5	0	5	80	152	111.0	0	0	0.0	0	3	0.6	1	0	0	0.0	InteractionsFirst	31	440	0	440	0	0	0	0
C11235798	294	5	0	3	51	94	69.6	0	0	0.0	0	1	0.2	1	0	0	0.0	InteractionsFirst	15	290	0	290	0	0	0	0
C11235799	413	5	0	5	68	112	94.8	0	0	0.0	0	1	0.4	2	0	0	0.0	InteractionsFirst	26	403	0	403	0	0	0	0
C11235800	292	5	0	3	54	88	65.8	0	0	0.0	0	2	0.4	1	0	0	0.0	InteractionsFirst	18	288	0	288	0	0	0	0
C11235801	293	5	0	3	45	85	64.0	0	0	0.0	0	2	0.4	1	0	0	0.0	InteractionsFirst	18	291	0	291	0	0	0	0
C11235802	298	5	0	3	57	102	71.6	0	0	0.0	0	3	0.6	1	0	0	0.0	InteractionsFirst	16	289	0	289	0	0	0	0
C11235803	437	5	0	5	72	131	98.4	0	0	0.0	0	1	0.4	2	0	0	0.0	InteractionsFirst	25	427	0	427	0	0	0	0
C11235813	246	5	5	3	52	78	67.6	5	5	5.0	0	1	0.2	1	3	19	10.92	InteractionsFirst	59	539	0	544	5	39	188	68.8
C11235831	250	5	5	3	62	64	63.2	5	5	5.0	0	0	0.0	0	5	19	10.32	InteractionsFirst	47	366	0	367	1	118	118	118.0
C11235834	252	5	5	3	58	70	63.6	5	5	5.0	0	1	0.2	1	3	22	10.48	InteractionsFirst	41	354	0	358	4	45	88	71.75
C11235847	248	5	5	3	56	81	65.0	5	5	5.0	0	1	0.2	1	6	18	11.24	InteractionsFirst	28	238	0	240	1	80	80	80.0
C11235882	281	5	5	4	58	107	73.4	5	5	5.0	0	0	0.0	0	6	51	12.68	InteractionsFirst	55	408	0	410	1	373	373	373.0
C11235889	267	5	5	3	50	86	64.2	5	5	5.0	0	0	0.0	0	5	25	10.88	InteractionsFirst	67	528	0	536	8	17	151	60.25
C11235897	238	5	5	3	47	79	62.4	5	5	5.0	0	1	0.2	1	4	17	10.48	InteractionsFirst	34	281	0	282	1	227	227	227.0
C11235899	292	5	5	4	51	86	72.8	5	5	5.0	0	0	0.0	0	6	41	12.56	InteractionsFirst	70	518	0	526	3	4	226	124.0
C11235901	254	5	5	3	57	69	62.2	5	5	5.0	0	1	0.2	1	6	23	10.24	InteractionsFirst	61	456	0	462	4	49	107	77.25
C11235902	270	5	5	4	56	87	68.2	5	5	5.0	0	1	0.2	1	5	30	11.96	InteractionsFirst	63	462	0	467	4	72	170	96.5
C11236089	249	5	10	3	53	76	61.6	10	10	10.0	0	0	0.0	0	1	16	5.82	InteractionsFirst	41	287	0	291	3	36	179	83.66666666666667
C11236113	248	5	10	3	57	75	64.8	10	10	10.0	0	1	0.2	1	2	16	5.92	InteractionsFirst	52	342	0	346	4	24	87	57.25
C11236204	247	5	10	3	56	81	63.2	10	10	10.0	0	0	0.0	0	1	15	5.8	InteractionsFirst	39	284	0	288	3	39	171	87.66666666666667
C11236370	251	5	10	3	53	76	63.0	10	10	10.0	0	0	0.0	0	2	21	5.78	InteractionsFirst	34	245	0	249	3	2	154	71.0
C11236527	249	5	10	3	56	72	64.0	10	10	10.0	0	0	0.0	0	1	16	5.96	InteractionsFirst	43	309	0	314	3	16	200	82.0
C11236686	250	5	10	3	49	78	64.8	10	10	10.0	0	0	0.0	0	0	18	5.98	InteractionsFirst	40	304	0	308	4	22	76	52.0
C11237945	249	5	10	3	52	72	65.4	10	10	10.0	0	0	0.0	0	0	18	5.96	InteractionsFirst	40	301	0	306	4	9	104	69.0
C11238478	265	5	10	4	58	82	67.0	10	10	10.0	0	1	0.2	1	2	22	6.22	InteractionsFirst	64	453	0	461	8	21	25	23.0
C11238511	246	5	10	3	52	73	62.0	10	10	10.0	0	0	0.0	0	1	15	5.58	InteractionsFirst	79	552	0	558	6	19	132	75.5
C11238725	248	5	10	3	53	74	64.0	10	10	10.0	0	0	0.0	0	0	15	5.5	InteractionsFirst	60	441	0	447	5	2	148	72.8
C11269707	249	5	15	3	53	87	64.6	15	15	15.0	0	0	0.0	0	0	12	4.12	InteractionsFirst	38	265	0	270	4	4	106	55.75
C11270808	250	5	15	3	56	74	64.8	15	15	15.0	0	1	0.2	1	0	12	4.04	InteractionsFirst	93	672	0	681	7	29	150	85.42857142857143
C11295162	244	5	15	3	56	66	62.0	15	15	15.0	0	1	0.2	1	0	14	3.88	InteractionsFirst	67	427	0	427	0	0	0	0
C11295598	247	5	15	3	57	67	63.6	15	15	15.0	0	0	0.0	0	1	11	4.053333333333334	InteractionsFirst	51	303	0	308	5	35	124	57.4
C11305751	248	5	15	3	58	73	65.0	15	15	15.0	0	0	0.0	0	0	14	4.013333333333334	InteractionsFirst	53	381	0	382	1	266	266	266.0
C11320592	248	5	15	3	53	78	65.0	15	15	15.0	0	0	0.0	0	0	10	4.0	InteractionsFirst	54	394	0	400	5	33	122	72.4
C11340216	254	5	15	3	60	76	64.0	15	15	15.0	0	0	0.0	0	0	14	4.08	InteractionsFirst	58	391	0	398	5	29	118	75.4
C11356971	250	5	15	3	56	77	64.2	15	15	15.0	0	0	0.0	0	0	21	4.066666666666666	InteractionsFirst	51	330	0	335	3	24	202	105.33333333333333
C11362345	245	5	15	3	62	82	67.4	15	15	15.0	0	0	0.0	0	0	20	4.226666666666667	InteractionsFirst	48	358	0	362	1	282	282	282.0
C11362705	251	5	15	3	59	67	63.0	15	15	15.0	0	0	0.0	0	0	23	4.093333333333334	InteractionsFirst	58	386	0	386	0	0	0	0
C11362706	564	5	0	7	95	154	113.8	0	0	0.0	0	3	0.6	1	0	0	0.0	InteractionsFirst	44	558	0	558	0	0	0	0
C11362707	522	5	0	8	106	173	126.4	0	0	0.0	0	1	0.4	2	0	0	0.0	InteractionsFirst	38	514	0	514	0	0	0	0
C11362708	262	5	0	4	50	90	65.4	0	0	0.0	0	2	0.4	1	0	0	0.0	InteractionsFirst	16	258	0	258	0	0	0	0
C11362709	525	5	0	7	96	168	119.6	0	0	0.0	0	1	0.4	2	0	0	0.0	InteractionsFirst	35	509	0	509	0	0	0	0
C11362710	436	5	0	7	78	131	99.4	0	0	0.0	0	1	0.4	2	0	0	0.0	InteractionsFirst	32	427	0	427	0	0	0	0
C11362711	454	5	0	7	68	119	97.4	0	0	0.0	0	1	0.4	2	0	0	0.0	InteractionsFirst	34	440	0	440	0	0	0	0
C11362712	555	5	0	7	98	160	114.0	0	0	0.0	0	2	0.6	2	0	0	0.0	InteractionsFirst	41	548	0	548	0	0	0	0
C11362713	367	5	0	6	49	96	70.2	0	0	0.0	0	2	0.4	1	0	0	0.0	InteractionsFirst	18	357	0	357	0	0	0	0
C11362714	536	5	0	9	85	142	114.2	0	0	0.0	0	1	0.4	2	0	0	0.0	InteractionsFirst	29	510	0	510	0	0	0	0
C11362715	520	5	0	7	93	137	113.0	0	0	0.0	0	1	0.4	2	0	0	0.0	InteractionsFirst	37	495	0	495	0	0	0	0
C11362716	259	5	5	4	50	74	64.6	5	5	5.0	0	0	0.0	0	6	24	11.36	InteractionsFirst	52	398	0	404	5	4	128	73.0
C11362728	272	5	5	4	45	79	67.8	5	5	5.0	0	1	0.2	1	5	21	11.04	InteractionsFirst	53	439	0	443	4	59	70	67.25
C11362729	264	5	5	4	52	73	65.8	5	5	5.0	0	1	0.2	1	5	19	10.52	InteractionsFirst	35	281	0	284	2	111	118	114.5
C11362737	306	5	5	6	52	81	71.6	5	5	5.0	0	1	0.4	2	3	20	9.72	InteractionsFirst	64	559	0	565	6	35	69	46.333333333333336
C11362741	295	5	5	5	58	86	73.8	5	5	5.0	0	1	0.2	1	5	36	12.44	InteractionsFirst	121	870	0	878	4	73	316	193.25
C11362752	282	5	5	5	57	93	70.0	5	5	5.0	0	1	0.2	1	5	29	11.24	InteractionsFirst	80	541	0	551	6	34	118	81.33333333333333
C11362759	282	5	5	6	57	84	72.6	5	5	5.0	0	0	0.0	0	4	30	12.0	InteractionsFirst	53	401	0	408	3	9	261	107.33333333333333
C11362766	265	5	5	4	46	84	66.2	5	5	5.0	0	0	0.0	0	5	25	11.32	InteractionsFirst	36	270	0	273	2	92	137	114.5
C11362769	264	5	5	4	56	78	65.4	5	5	5.0	0	0	0.0	0	6	26	11.76	InteractionsFirst	75	538	0	550	10	2	95	50.2
C11362770	256	5	5	4	53	89	67.6	5	5	5.0	0	2	0.4	1	7	19	10.88	InteractionsFirst	75	662	0	669	5	3	229	118.2
C11363123	258	5	10	4	53	78	65.0	10	10	10.0	0	0	0.0	0	2	16	5.84	InteractionsFirst	109	500	0	507	7	21	159	52.285714285714285
C11363207	259	5	10	4	59	68	63.2	10	10	10.0	0	0	0.0	0	0	14	5.9	InteractionsFirst	64	274	0	277	2	10	216	113.0
C11363405	254	5	10	4	51	87	68.2	10	10	10.0	0	0	0.0	0	1	15	6.14	InteractionsFirst	55	335	0	341	3	49	137	103.0
C11363513	248	5	10	4	56	70	63.2	10	10	10.0	0	0	0.0	0	2	17	5.84	InteractionsFirst	65	448	0	453	5	57	183	82.2
C11363565	259	5	10	4	51	83	65.0	10	10	10.0	0	0	0.0	0	2	18	6.08	InteractionsFirst	55	333	0	338	5	37	153	62.0
C11363769	257	5	10	4	51	75	64.6	10	10	10.0	0	1	0.2	1	1	17	5.84	InteractionsFirst	71	448	0	452	4	52	52	52.0
C11363871	279	5	10	5	52	87	68.6	10	10	10.0	0	1	0.2	1	0	20	6.18	InteractionsFirst	193	574	0	582	2	221	230	225.5
C11363881	282	5	10	5	56	95	71.2	10	10	10.0	0	0	0.0	0	2	45	6.68	InteractionsFirst	218	850	0	861	5	6	277	165.8
C11364045	258	5	10	4	50	80	68.6	10	10	10.0	0	1	0.2	1	0	19	5.82	InteractionsFirst	99	616	0	620	4	112	112	112.0
C11364139	255	5	10	4	57	80	67.4	10	10	10.0	0	0	0.0	0	0	15	6.24	InteractionsFirst	107	735	0	747	7	18	172	95.71428571428571
C11365604	264	5	15	4	49	79	64.0	15	15	15.0	0	0	0.0	0	0	14	4.066666666666666	InteractionsFirst	74	447	0	456	9	3	68	30.88888888888889
C11381244	255	5	15	4	54	91	64.2	15	15	15.0	0	0	0.0	0	1	19	4.04	InteractionsFirst	55	339	0	344	3	12	196	109.33333333333333
C11387360	259	5	15	4	54	86	66.2	15	15	15.0	0	0	0.0	0	1	15	4.213333333333333	InteractionsFirst	57	348	0	353	5	9	52	26.2
C11393386	286	5	15	5	58	75	68.4	15	15	15.0	0	1	0.2	1	0	21	4.293333333333333	InteractionsFirst	67	397	0	402	4	60	173	88.25
C11405359	254	5	15	4	56	80	66.4	15	15	15.0	0	0	0.0	0	0	14	4.2	InteractionsFirst	118	809	0	822	7	64	186	113.0
C11421447	263	5	15	4	61	70	64.2	15	15	15.0	0	0	0.0	0	0	15	3.96	InteractionsFirst	48	303	0	310	5	5	171	51.6
C11422335	259	5	15	4	50	77	63.2	15	15	15.0	0	0	0.0	0	0	12	4.08	InteractionsFirst	53	316	0	320	3	32	191	90.33333333333333
C11429254	256	5	15	4	57	74	65.0	15	15	15.0	0	0	0.0	0	0	15	4.066666666666666	InteractionsFirst	56	372	0	377	2	2	356	179.0
C11441074	261	5	15	4	58	75	66.4	15	15	15.0	0	0	0.0	0	0	14	4.1066666666666665	InteractionsFirst	61	408	0	415	3	107	174	129.33333333333334
C11444018	253	5	15	4	55	75	66.2	15	15	15.0	0	1	0.2	1	0	15	4.066666666666666	InteractionsFirst	87	613	0	620	6	23	162	95.5
C11444019	811	5	0	15	131	233	184.2	0	0	0.0	0	1	0.6	3	0	0	0.0	InteractionsFirst	76	808	0	808	0	0	0	0
C11444020	441	5	0	9	75	115	101.8	0	0	0.0	0	1	0.4	2	0	0	0.0	InteractionsFirst	30	439	0	439	0	0	0	0
C11444021	289	5	0	5	50	79	70.8	0	0	0.0	0	2	0.4	1	0	0	0.0	InteractionsFirst	16	277	0	277	0	0	0	0
C11444022	537	5	0	9	94	205	125.2	0	0	0.0	0	5	1.0	1	0	0	0.0	InteractionsFirst	36	522	0	522	0	0	0	0
C11444023	966	5	0	15	86	325	145.8	0	0	0.0	0	11	2.2	1	0	0	0.0	InteractionsFirst	52	946	0	946	0	0	0	0
C11444024	636	5	0	11	108	160	135.8	0	0	0.0	0	1	0.4	2	0	0	0.0	InteractionsFirst	49	609	0	609	0	0	0	0
C11444025	738	5	0	11	130	222	163.0	0	0	0.0	0	2	0.6	2	0	0	0.0	InteractionsFirst	54	714	0	714	0	0	0	0
C11444026	342	5	0	7	55	98	71.8	0	0	0.0	0	1	0.2	1	0	0	0.0	InteractionsFirst	19	341	0	341	0	0	0	0
C11444027	753	5	0	11	105	221	166.2	0	0	0.0	0	3	0.8	2	0	0	0.0	InteractionsFirst	52	742	0	742	0	0	0	0
C11444028	330	5	0	5	54	116	71.4	0	0	0.0	0	2	0.4	1	0	0	0.0	InteractionsFirst	18	323	0	323	0	0	0	0
C11444030	275	5	5	5	55	74	69.2	5	5	5.0	0	1	0.2	1	5	22	11.16	InteractionsFirst	37	292	0	296	4	33	104	57.0
C11444033	279	5	5	5	58	77	67.0	5	5	5.0	0	0	0.0	0	6	22	11.64	InteractionsFirst	45	311	0	315	4	3	53	35.0
C11444043	270	5	5	5	48	79	66.6	5	5	5.0	0	1	0.2	1	3	24	11.28	InteractionsFirst	71	513	0	519	5	41	188	90.8
C11444046	286	5	5	5	55	100	72.4	5	5	5.0	0	0	0.0	0	5	28	12.16	InteractionsFirst	100	777	0	795	12	7	161	59.166666666666664
C11444048	273	5	5	5	50	73	63.0	5	5	5.0	0	1	0.2	1	2	20	11.16	InteractionsFirst	162	1127	0	1145	18	9	173	56.55555555555556
C11444065	314	5	5	6	53	99	73.4	5	5	5.0	0	1	0.4	2	4	29	11.12	InteractionsFirst	103	778	0	790	10	3	157	66.2
C11444075	320	5	5	6	66	93	79.2	5	5	5.0	0	0	0.0	0	4	40	14.12	InteractionsFirst	82	528	0	533	5	43	89	61.4
C11444081	312	5	5	6	65	98	78.4	5	5	5.0	0	0	0.0	0	4	46	14.04	InteractionsFirst	52	326	0	331	2	69	222	145.5
C11444093	277	5	5	5	54	75	67.4	5	5	5.0	0	1	0.2	1	6	24	11.32	InteractionsFirst	87	595	0	602	7	3	145	68.28571428571429
C11444102	271	5	5	5	57	80	68.0	5	5	5.0	0	1	0.2	1	6	30	11.24	InteractionsFirst	98	759	0	768	6	37	322	118.66666666666667
C11444182	277	5	10	5	63	79	68.0	10	10	10.0	0	1	0.2	1	1	17	6.18	InteractionsFirst	72	526	0	537	6	20	131	81.0
C11444275	296	5	10	6	69	74	70.8	10	10	10.0	0	0	0.0	0	1	23	6.5	InteractionsFirst	84	504	0	512	8	19	109	49.25
C11444349	270	5	10	5	62	79	67.0	10	10	10.0	0	0	0.0	0	1	14	5.96	InteractionsFirst	46	340	0	346	6	7	105	51.0
C11444459	267	5	10	5	63	77	67.0	10	10	10.0	0	0	0.0	0	1	15	6.14	InteractionsFirst	55	367	0	374	5	22	147	60.6
C11444525	275	5	10	5	54	76	66.6	10	10	10.0	0	1	0.2	1	1	17	6.16	InteractionsFirst	118	782	0	794	12	6	184	62.25
C11444590	304	5	10	6	64	90	73.4	10	10	10.0	0	0	0.0	0	2	26	6.98	InteractionsFirst	170	1102	0	1114	4	2	519	257.5
C11444735	270	5	10	5	49	99	67.2	10	10	10.0	0	0	0.0	0	0	20	6.04	InteractionsFirst	101	702	0	716	13	20	165	48.61538461538461
C11444823	273	5	10	5	57	75	67.4	10	10	10.0	0	1	0.2	1	2	18	6.26	InteractionsFirst	268	1912	0	1940	14	3	409	127.35714285714286
C11444853	269	5	10	5	62	75	70.2	10	10	10.0	0	0	0.0	0	1	18	6.68	InteractionsFirst	103	722	0	734	6	39	256	118.16666666666667
C11444861	264	5	10	5	57	76	67.8	10	10	10.0	0	0	0.0	0	1	18	6.22	InteractionsFirst	105	768	0	773	4	98	387	170.25
C11446281	275	5	15	5	64	74	68.0	15	15	15.0	0	1	0.2	1	1	14	4.1466666666666665	InteractionsFirst	89	584	0	592	8	27	296	60.625
C11451584	270	5	15	5	50	87	67.0	15	15	15.0	0	1	0.2	1	0	19	4.1466666666666665	InteractionsFirst	161	1091	0	1112	15	10	132	67.26666666666667
C11456016	274	5	15	5	56	77	67.8	15	15	15.0	0	1	0.2	1	0	13	4.2	InteractionsFirst	147	968	0	985	17	13	128	50.76470588235294
C11456569	267	5	15	5	60	75	66.6	15	15	15.0	0	1	0.2	1	0	16	4.12	InteractionsFirst	85	553	0	562	7	22	137	73.28571428571429
C11456846	266	5	15	5	59	77	66.6	15	15	15.0	0	0	0.0	0	0	15	4.1866666666666665	InteractionsFirst	77	463	0	469	5	9	116	80.2
C11458034	269	5	15	5	53	81	66.4	15	15	15.0	0	0	0.0	0	1	19	4.226666666666667	InteractionsFirst	106	652	0	664	9	20	87	54.55555555555556
C11458795	273	5	15	5	51	92	67.8	15	15	15.0	0	1	0.2	1	0	14	4.1066666666666665	InteractionsFirst	89	594	0	597	3	150	189	176.0
C11461096	264	5	15	5	59	74	66.2	15	15	15.0	0	0	0.0	0	0	13	4.253333333333333	InteractionsFirst	85	539	0	551	8	3	203	65.25
C11464406	278	5	15	5	60	70	66.6	15	15	15.0	0	1	0.2	1	0	15	3.9466666666666668	InteractionsFirst	51	330	0	333	2	92	176	134.0
C11466317	263	5	15	5	57	76	67.2	15	15	15.0	0	0	0.0	0	0	14	4.266666666666667	InteractionsFirst	102	665	0	677	8	10	155	81.25
